0 1 -0.313212 0
0.05 0.984321 -0.314311 0.0496083
0.1 0.968532 -0.317607 0.0984303
0.15 0.952524 -0.3231 0.146458
0.2 0.936186 -0.330791 0.193677
0.25 0.919408 -0.340678 0.240069
0.3 0.902081 -0.352763 0.285609
0.35 0.884095 -0.367046 0.330266
0.4 0.86534 -0.383525 0.374006
0.45 0.845706 -0.402202 0.416786
0.5 0.825083 -0.423076 0.45856
0.55 0.803362 -0.446148 0.499276
0.6 0.780432 -0.471417 0.538876
0.65 0.756183 -0.498883 0.577297
0.7 0.730507 -0.528546 0.61447
0.75 0.703292 -0.560406 0.650322
0.8 0.67443 -0.594464 0.684772
0.85 0.643809 -0.630719 0.717735
0.9 0.611321 -0.669172 0.749122
0.95 0.576855 -0.709821 0.778835
1 0.540302 -0.752668 0.806772
1.05 0.5016 -0.794846 0.832829
1.1 0.460877 -0.833489 0.856899
1.15 0.41831 -0.868597 0.878886
1.2 0.374076 -0.90017 0.898702
1.25 0.328352 -0.928207 0.916268
1.3 0.281314 -0.95271 0.931515
1.35 0.23314 -0.973677 0.944381
1.4 0.184005 -0.991109 0.954813
1.45 0.134088 -1.00501 0.962768
1.5 0.0835635 -1.01537 0.968212
1.55 0.0326097 -1.02219 0.971118
1.6 -0.018597 -1.02549 0.971469
1.65 -0.06988 -1.02524 0.969257
1.7 -0.121062 -1.02146 0.964482
1.75 -0.171967 -1.01415 0.957155
1.8 -0.222419 -1.0033 0.947293
1.85 -0.272239 -0.988918 0.934924
1.9 -0.321251 -0.970998 0.920083
1.95 -0.36928 -0.949544 0.902815
2 -0.416147 -0.924555 0.883174
2.05 -0.461695 -0.897174 0.861222
2.1 -0.505843 -0.868547 0.837028
2.15 -0.548529 -0.838672 0.810662
2.2 -0.58969 -0.80755 0.7822
2.25 -0.629263 -0.775181 0.75172
2.3 -0.667187 -0.741565 0.719302
2.35 -0.703399 -0.706702 0.68503
2.4 -0.737837 -0.670592 0.648991
2.45 -0.770438 -0.633235 0.611277
2.5 -0.801139 -0.594631 0.571979
2.55 -0.82988 -0.554779 0.531195
2.6 -0.856597 -0.513681 0.489025
2.65 -0.881227 -0.471335 0.44557
2.7 -0.903709 -0.427742 0.400938
2.75 -0.923981 -0.382902 0.355236
2.8 -0.941979 -0.336816 0.308578
2.85 -0.957641 -0.289482 0.261077
2.9 -0.970906 -0.2409 0.212854
2.95 -0.981711 -0.191072 0.164028
3 -0.989992 -0.139997 0.114725
3.05 -0.995705 -0.0886031 0.0650715
3.1 -0.998863 -0.0378187 0.0151967
3.15 -0.999497 0.012356 -0.0347728
3.2 -0.997638 0.0619211 -0.0847115
3.25 -0.993315 0.110877 -0.134495
3.3 -0.98656 0.159222 -0.184002
3.35 -0.977403 0.206959 -0.233111
3.4 -0.965874 0.254085 -0.281703
3.45 -0.952005 0.300602 -0.32966
3.5 -0.935824 0.346509 -0.376865
3.55 -0.917364 0.391807 -0.423204
3.6 -0.896654 0.436495 -0.468564
3.65 -0.873724 0.480574 -0.512833
3.7 -0.848607 0.524042 -0.5559
3.75 -0.82133 0.566901 -0.597657
3.8 -0.791927 0.609151 -0.637998
3.85 -0.760425 0.650791 -0.676815
3.9 -0.726858 0.691821 -0.714006
3.95 -0.691254 0.732242 -0.749467
4 -0.653644 0.772053 -0.783098
4.05 -0.614082 0.809835 -0.814799
4.1 -0.572718 0.844171 -0.844476
4.15 -0.529722 0.875059 -0.872043
4.2 -0.485269 0.9025 -0.897424
4.25 -0.43953 0.926494 -0.920549
4.3 -0.392677 0.947041 -0.941358
4.35 -0.344883 0.964141 -0.959801
4.4 -0.29632 0.977794 -0.975834
4.45 -0.247161 0.987999 -0.989423
4.5 -0.197578 0.994758 -1.00054
4.55 -0.147743 0.998069 -1.00918
4.6 -0.0978285 0.997933 -1.01532
4.65 -0.048007 0.994351 -1.01896
4.7 0.00154912 0.98732 -1.02012
4.75 0.0506676 0.976843 -1.01881
4.8 0.099176 0.962919 -1.01506
4.85 0.146902 0.945548 -1.00891
4.9 0.193673 0.924729 -1.00039
4.95 0.239317 0.900463 -0.98956
5 0.283662 0.872751 -0.97648
5.05 0.326576 0.84405 -0.961218
5.1 0.368092 0.816821 -0.943845
5.15 0.408283 0.791065 -0.924431
5.2 0.447223 0.76678 -0.903038
5.25 0.484985 0.743966 -0.879728
5.3 0.521644 0.722625 -0.854558
5.35 0.557272 0.702756 -0.827581
5.4 0.591944 0.684358 -0.798847
5.45 0.625733 0.667432 -0.768401
5.5 0.658712 0.651978 -0.736287
5.55 0.690955 0.637996 -0.702542
5.6 0.722536 0.625485 -0.667202
5.65 0.753528 0.614446 -0.630299
5.7 0.784005 0.60488 -0.591858
5.75 0.81404 0.596785 -0.551905
5.8 0.843708 0.590161 -0.51046
5.85 0.873081 0.58501 -0.46754
5.9 0.902233 0.581331 -0.423156
5.95 0.931239 0.579123 -0.377319
6 0.96017 0.578387 -0.330033
