0 1 0 -0.0442402
0.05 0.996749 0.0495985 -0.0857859
0.1 0.991421 0.0983939 -0.127332
0.15 0.984016 0.146386 -0.168877
0.2 0.974534 0.193576 -0.210423
0.25 0.962974 0.239962 -0.251969
0.3 0.949337 0.285545 -0.293515
0.35 0.933622 0.330326 -0.33506
0.4 0.915831 0.374303 -0.376606
0.45 0.895962 0.417477 -0.418152
0.5 0.874016 0.459849 -0.459698
0.55 0.849992 0.501417 -0.501243
0.6 0.823891 0.542182 -0.542789
0.65 0.795713 0.582144 -0.584335
0.7 0.765458 0.621303 -0.625881
0.75 0.733125 0.659659 -0.667426
0.8 0.698715 0.697212 -0.708972
0.85 0.662228 0.733962 -0.750518
0.9 0.623663 0.769909 -0.792064
0.95 0.583021 0.805053 -0.833609
1 0.540302 0.839394 -0.875155
1.05 0.496341 0.865247 -0.883285
1.1 0.451974 0.888778 -0.891414
1.15 0.4072 0.909984 -0.899543
1.2 0.36202 0.928868 -0.907673
1.25 0.316433 0.945427 -0.915802
1.3 0.270439 0.959664 -0.923932
1.35 0.224039 0.971577 -0.932061
1.4 0.177233 0.981167 -0.94019
1.45 0.13002 0.988433 -0.94832
1.5 0.0824012 0.993376 -0.956449
1.55 0.0343755 0.995996 -0.964579
1.6 -0.0140566 0.996292 -0.972708
1.65 -0.0628953 0.994265 -0.980837
1.7 -0.11214 0.989915 -0.988967
1.75 -0.161792 0.983241 -0.997096
1.8 -0.21185 0.974244 -1.00523
1.85 -0.262314 0.962923 -1.01335
1.9 -0.313185 0.949279 -1.02148
1.95 -0.364463 0.933312 -1.02961
2 -0.416147 0.915021 -1.03774
2.05 -0.466874 0.893303 -0.991353
2.1 -0.515282 0.869764 -0.944964
2.15 -0.561371 0.844403 -0.898574
2.2 -0.60514 0.817222 -0.852184
2.25 -0.646589 0.788219 -0.805794
2.3 -0.685719 0.757395 -0.759405
2.35 -0.722529 0.72475 -0.713015
2.4 -0.75702 0.690284 -0.666625
2.45 -0.789192 0.653996 -0.620235
2.5 -0.819044 0.615888 -0.573846
2.55 -0.846577 0.575958 -0.527456
2.6 -0.87179 0.534207 -0.481066
2.65 -0.894683 0.490634 -0.434676
2.7 -0.915257 0.445241 -0.388287
2.75 -0.933512 0.398026 -0.341897
2.8 -0.949447 0.34899 -0.295507
2.85 -0.963063 0.298133 -0.249117
2.9 -0.974359 0.245455 -0.202728
2.95 -0.983335 0.190956 -0.156338
3 -0.989992 0.134635 -0.109948
3.05 -0.994374 0.0853697 -0.0653185
3.1 -0.996524 0.0365736 -0.0206888
3.15 -0.996443 -0.0117537 0.0239409
3.2 -0.99413 -0.0596119 0.0685706
3.25 -0.989586 -0.107001 0.1132
3.3 -0.98281 -0.153922 0.15783
3.35 -0.973803 -0.200373 0.20246
3.4 -0.962564 -0.246355 0.247089
3.45 -0.949094 -0.291869 0.291719
3.5 -0.933392 -0.336913 0.336349
3.55 -0.915459 -0.381489 0.380979
3.6 -0.895294 -0.425596 0.425608
3.65 -0.872898 -0.469233 0.470238
3.7 -0.848271 -0.512402 0.514868
3.75 -0.821412 -0.555102 0.559497
3.8 -0.792321 -0.597332 0.604127
3.85 -0.760999 -0.639094 0.648757
3.9 -0.727445 -0.680387 0.693387
3.95 -0.69166 -0.721211 0.738016
4 -0.653644 -0.761566 0.782646
4.05 -0.614125 -0.793141 0.798112
4.1 -0.573832 -0.822502 0.813578
4.15 -0.532767 -0.849648 0.829044
4.2 -0.490928 -0.87458 0.84451
4.25 -0.448316 -0.897297 0.859976
4.3 -0.40493 -0.9178 0.875442
4.35 -0.360772 -0.936089 0.890908
4.4 -0.31584 -0.952163 0.906374
4.45 -0.270134 -0.966023 0.92184
4.5 -0.223656 -0.977669 0.937306
4.55 -0.176404 -0.9871 0.952772
4.6 -0.128378 -0.994317 0.968238
4.65 -0.07958 -0.999319 0.983704
4.7 -0.0300081 -1.00211 0.99917
4.75 0.020337 -1.00268 1.01464
4.8 0.0714555 -1.00104 1.0301
4.85 0.123347 -0.997185 1.04557
4.9 0.176012 -0.991116 1.06103
4.95 0.229451 -0.982832 1.0765
5 0.283662 -0.972333 1.09197
5.05 0.337222 -0.957132 1.05042
5.1 0.388704 -0.939892 1.00887
5.15 0.438109 -0.920615 0.967328
5.2 0.485437 -0.899301 0.925783
5.25 0.530687 -0.875949 0.884237
5.3 0.573861 -0.85056 0.842691
5.35 0.614957 -0.823133 0.801145
5.4 0.653975 -0.793669 0.7596
5.45 0.690917 -0.762167 0.718054
5.5 0.725781 -0.728628 0.676508
5.55 0.758567 -0.693051 0.634962
5.6 0.789277 -0.655437 0.593417
5.65 0.817909 -0.615785 0.551871
5.7 0.844464 -0.574096 0.510325
5.75 0.868942 -0.53037 0.468779
5.8 0.891342 -0.484606 0.427234
5.85 0.911665 -0.436804 0.385688
5.9 0.929911 -0.386965 0.344142
5.95 0.946079 -0.335088 0.302596
6 0.96017 -0.281174 0.261051
