1 4 
2 4 
3 4 
5 3.2 
6 3.33333 
8 3 
9 3.11111 
11 2.90909 
12 3 
13 3.07692 
14 3.14286 
15 3.2 
16 3.25 
17 3.29412 
18 3.33333 
19 3.36842 
21 3.2381 
22 3.27273 
23 3.30435 
24 3.33333 
25 3.36 
26 3.38462 
27 3.40741 
28 3.42857 
29 3.44828 
31 3.35484 
32 3.375 
33 3.39394 
34 3.41176 
35 3.42857 
37 3.35135 
38 3.36842 
39 3.38462 
41 3.31707 
42 3.33333 
43 3.34884 
44 3.36364 
45 3.37778 
46 3.3913 
47 3.40426 
48 3.41667 
49 3.42857 
50 3.44 
53 3.32075 
54 3.33333 
59 3.11864 
60 3.13333 
61 3.14754 
63 3.11111 
64 3.125 
65 3.13846 
66 3.15152 
67 3.16418 
68 3.17647 
69 3.18841 
70 3.2 
71 3.21127 
72 3.22222 
73 3.23288 
75 3.2 
76 3.21053 
77 3.22078 
78 3.23077 
79 3.24051 
80 3.25 
82 3.21951 
83 3.22892 
85 3.2 
86 3.2093 
87 3.21839 
88 3.22727 
89 3.23596 
90 3.24444 
91 3.25275 
92 3.26087 
93 3.26882 
94 3.2766 
95 3.28421 
96 3.29167 
97 3.29897 
98 3.30612 
99 3.31313 
100 3.32 
101 3.32673 
102 3.33333 
103 3.33981 
104 3.34615 
105 3.35238 
107 3.3271 
110 3.27273 
111 3.27928 
112 3.28571 
113 3.29204 
114 3.29825 
115 3.30435 
116 3.31034 
118 3.28814 
119 3.29412 
120 3.3 
121 3.30579 
122 3.31148 
124 3.29032 
125 3.296 
127 3.27559 
128 3.28125 
129 3.28682 
130 3.29231 
131 3.29771 
132 3.30303 
134 3.28358 
135 3.28889 
137 3.27007 
138 3.27536 
139 3.28058 
140 3.28571 
142 3.26761 
143 3.27273 
145 3.25517 
148 3.21622 
149 3.22148 
150 3.22667 
151 3.23179 
152 3.23684 
153 3.24183 
154 3.24675 
155 3.25161 
156 3.25641 
157 3.26115 
158 3.26582 
159 3.27044 
161 3.25466 
162 3.25926 
163 3.2638 
164 3.26829 
165 3.27273 
166 3.27711 
167 3.28144 
168 3.28571 
169 3.28994 
170 3.29412 
171 3.29825 
172 3.30233 
173 3.30636 
175 3.29143 
176 3.29545 
179 3.26257 
180 3.26667 
181 3.27072 
182 3.27473 
184 3.26087 
185 3.26486 
187 3.25134 
189 3.2381 
190 3.24211 
191 3.24607 
193 3.23316 
194 3.23711 
197 3.20812 
198 3.21212 
199 3.21608 
201 3.20398 
203 3.19212 
204 3.19608 
205 3.2 
206 3.20388 
207 3.20773 
210 3.18095 
211 3.18483 
213 3.17371 
215 3.16279 
218 3.13761 
219 3.14155 
220 3.14545 
221 3.14932 
222 3.15315 
223 3.15695 
224 3.16071 
225 3.16444 
226 3.16814 
228 3.15789 
229 3.16157 
230 3.16522 
233 3.14163 
234 3.1453 
235 3.14894 
236 3.15254 
237 3.15612 
238 3.15966 
239 3.16318 
240 3.16667 
242 3.15702 
243 3.16049 
244 3.16393 
245 3.16735 
247 3.15789 
248 3.16129 
249 3.16466 
250 3.168 
251 3.17131 
252 3.1746 
253 3.17787 
255 3.16863 
256 3.17188 
257 3.1751 
259 3.16602 
261 3.15709 
263 3.14829 
264 3.15152 
265 3.15472 
266 3.15789 
267 3.16105 
268 3.16418 
270 3.15556 
271 3.15867 
272 3.16176 
273 3.16484 
274 3.16788 
275 3.17091 
276 3.17391 
277 3.1769 
278 3.17986 
279 3.1828 
280 3.18571 
281 3.18861 
282 3.19149 
283 3.19435 
285 3.18596 
288 3.16667 
289 3.16955 
290 3.17241 
291 3.17526 
292 3.17808 
293 3.18089 
294 3.18367 
295 3.18644 
296 3.18919 
297 3.19192 
299 3.18395 
300 3.18667 
301 3.18937 
302 3.19205 
304 3.18421 
305 3.18689 
306 3.18954 
307 3.19218 
308 3.19481 
309 3.19741 
313 3.16933 
314 3.17197 
315 3.1746 
316 3.17722 
319 3.15987 
320 3.1625 
321 3.16511 
322 3.1677 
323 3.17028 
324 3.17284 
325 3.17538 
326 3.17791 
327 3.18043 
328 3.18293 
329 3.18541 
331 3.17825 
332 3.18072 
334 3.17365 
336 3.16667 
337 3.16914 
338 3.1716 
340 3.16471 
341 3.16716 
342 3.16959 
345 3.15362 
346 3.15607 
347 3.1585 
348 3.16092 
349 3.16332 
352 3.14773 
353 3.15014 
354 3.15254 
355 3.15493 
357 3.14846 
358 3.15084 
359 3.1532 
360 3.15556 
362 3.14917 
363 3.15152 
364 3.15385 
365 3.15616 
366 3.15847 
367 3.16076 
368 3.16304 
369 3.16531 
370 3.16757 
371 3.16981 
373 3.16354 
374 3.16578 
375 3.168 
376 3.17021 
377 3.17241 
379 3.16623 
380 3.16842 
381 3.1706 
382 3.17277 
383 3.17493 
384 3.17708 
385 3.17922 
386 3.18135 
387 3.18346 
388 3.18557 
389 3.18766 
390 3.18974 
391 3.19182 
392 3.19388 
393 3.19593 
394 3.19797 
395 3.2 
396 3.20202 
397 3.20403 
398 3.20603 
399 3.20802 
400 3.21 
401 3.21197 
402 3.21393 
403 3.21588 
404 3.21782 
405 3.21975 
406 3.22167 
407 3.22359 
409 3.2176 
411 3.21168 
412 3.21359 
413 3.2155 
414 3.21739 
415 3.21928 
417 3.21343 
420 3.2 
421 3.2019 
422 3.20379 
423 3.20567 
424 3.20755 
425 3.20941 
426 3.21127 
427 3.21311 
430 3.2 
432 3.19444 
434 3.18894 
435 3.1908 
439 3.17084 
440 3.17273 
442 3.16742 
443 3.1693 
444 3.17117 
445 3.17303 
446 3.17489 
447 3.17673 
448 3.17857 
449 3.1804 
450 3.18222 
451 3.18404 
452 3.18584 
454 3.18062 
456 3.17544 
457 3.17724 
459 3.17211 
460 3.17391 
461 3.1757 
463 3.17063 
464 3.17241 
467 3.1606 
468 3.16239 
469 3.16418 
470 3.16596 
472 3.16102 
473 3.16279 
475 3.15789 
476 3.15966 
477 3.16143 
478 3.16318 
479 3.16493 
480 3.16667 
481 3.1684 
482 3.17012 
483 3.17184 
484 3.17355 
485 3.17526 
486 3.17695 
487 3.17864 
488 3.18033 
489 3.182 
490 3.18367 
491 3.18534 
492 3.18699 
494 3.18219 
495 3.18384 
496 3.18548 
497 3.18712 
498 3.18876 
500 3.184 
501 3.18563 
502 3.18725 
504 3.18254 
505 3.18416 
506 3.18577 
507 3.18738 
508 3.18898 
509 3.19057 
510 3.19216 
511 3.19374 
512 3.19531 
513 3.19688 
516 3.18605 
517 3.18762 
518 3.18919 
519 3.19075 
520 3.19231 
521 3.19386 
523 3.18929 
524 3.19084 
525 3.19238 
526 3.19392 
527 3.19545 
528 3.19697 
529 3.19849 
530 3.2 
531 3.20151 
533 3.197 
535 3.19252 
537 3.18808 
538 3.18959 
539 3.19109 
540 3.19259 
541 3.19409 
544 3.18382 
547 3.17367 
549 3.1694 
550 3.17091 
551 3.17241 
552 3.17391 
553 3.17541 
554 3.1769 
555 3.17838 
556 3.17986 
557 3.18133 
558 3.1828 
559 3.18426 
561 3.18004 
562 3.18149 
563 3.18295 
570 3.15088 
571 3.15236 
572 3.15385 
573 3.15532 
575 3.1513 
576 3.15278 
577 3.15425 
578 3.15571 
579 3.15717 
580 3.15862 
581 3.16007 
582 3.16151 
583 3.16295 
585 3.15897 
586 3.16041 
587 3.16184 
588 3.16327 
589 3.16469 
590 3.1661 
591 3.16751 
592 3.16892 
593 3.17032 
594 3.17172 
595 3.17311 
596 3.1745 
597 3.17588 
598 3.17726 
599 3.17863 
600 3.18 
602 3.17608 
604 3.17219 
605 3.17355 
606 3.17492 
607 3.17628 
608 3.17763 
610 3.17377 
611 3.17512 
612 3.17647 
613 3.17781 
615 3.17398 
616 3.17532 
617 3.17666 
620 3.16774 
621 3.16908 
622 3.17042 
623 3.17175 
624 3.17308 
625 3.1744 
627 3.17065 
628 3.17197 
629 3.17329 
630 3.1746 
632 3.17089 
633 3.1722 
634 3.1735 
635 3.1748 
636 3.1761 
638 3.17241 
639 3.17371 
640 3.175 
642 3.17134 
643 3.17263 
644 3.17391 
646 3.17028 
647 3.17156 
648 3.17284 
649 3.17411 
650 3.17538 
651 3.17665 
652 3.17791 
654 3.17431 
655 3.17557 
656 3.17683 
657 3.17808 
658 3.17933 
660 3.17576 
661 3.177 
662 3.17825 
664 3.1747 
665 3.17594 
666 3.17718 
667 3.17841 
668 3.17964 
669 3.18087 
670 3.18209 
671 3.18331 
672 3.18452 
673 3.18574 
676 3.17751 
677 3.17873 
679 3.17526 
680 3.17647 
681 3.17768 
682 3.17889 
684 3.17544 
685 3.17664 
686 3.17784 
687 3.17904 
688 3.18023 
689 3.18142 
690 3.18261 
691 3.18379 
692 3.18497 
693 3.18615 
694 3.18732 
695 3.18849 
696 3.18966 
697 3.19082 
698 3.19198 
700 3.18857 
701 3.18973 
702 3.19088 
703 3.19203 
704 3.19318 
706 3.1898 
707 3.19095 
708 3.19209 
709 3.19323 
710 3.19437 
711 3.1955 
712 3.19663 
714 3.19328 
715 3.19441 
717 3.19107 
718 3.1922 
719 3.19332 
720 3.19444 
721 3.19556 
722 3.19668 
723 3.19779 
724 3.1989 
726 3.19559 
727 3.1967 
728 3.1978 
729 3.1989 
730 3.2 
732 3.19672 
734 3.19346 
735 3.19456 
736 3.19565 
740 3.18378 
741 3.18489 
743 3.1817 
744 3.1828 
745 3.18389 
746 3.18499 
747 3.18608 
749 3.18291 
750 3.184 
751 3.18509 
752 3.18617 
754 3.18302 
755 3.18411 
756 3.18519 
757 3.18626 
758 3.18734 
759 3.18841 
761 3.18528 
762 3.18635 
763 3.18742 
764 3.18848 
766 3.18538 
768 3.18229 
769 3.18336 
771 3.18029 
772 3.18135 
773 3.18241 
774 3.18346 
775 3.18452 
776 3.18557 
777 3.18662 
778 3.18766 
779 3.1887 
780 3.18974 
781 3.19078 
782 3.19182 
783 3.19285 
784 3.19388 
785 3.1949 
786 3.19593 
787 3.19695 
788 3.19797 
791 3.1909 
792 3.19192 
793 3.19294 
794 3.19395 
795 3.19497 
797 3.19197 
798 3.19298 
800 3.19 
801 3.19101 
802 3.19202 
803 3.19303 
804 3.19403 
805 3.19503 
806 3.19603 
807 3.19703 
808 3.19802 
809 3.19901 
810 3.2 
813 3.19311 
814 3.1941 
815 3.19509 
817 3.19217 
818 3.19315 
821 3.18636 
822 3.18735 
825 3.18061 
826 3.1816 
827 3.18259 
828 3.18357 
830 3.18072 
832 3.17788 
833 3.17887 
836 3.17225 
838 3.16945 
840 3.16667 
841 3.16766 
842 3.16865 
843 3.16963 
844 3.17062 
845 3.1716 
846 3.17258 
848 3.16981 
850 3.16706 
851 3.16804 
852 3.16901 
853 3.16999 
854 3.17096 
855 3.17193 
856 3.1729 
857 3.17386 
860 3.16744 
861 3.16841 
862 3.16937 
863 3.17034 
864 3.1713 
865 3.17225 
866 3.17321 
867 3.17416 
868 3.17512 
869 3.17606 
870 3.17701 
871 3.17796 
872 3.1789 
873 3.17984 
874 3.18078 
875 3.18171 
876 3.18265 
879 3.17634 
880 3.17727 
881 3.17821 
882 3.17914 
884 3.17647 
886 3.17381 
888 3.17117 
889 3.1721 
890 3.17303 
892 3.1704 
893 3.17133 
894 3.17226 
895 3.17318 
896 3.17411 
898 3.17149 
899 3.17241 
900 3.17333 
901 3.17425 
902 3.17517 
903 3.17608 
904 3.17699 
907 3.17089 
908 3.17181 
909 3.17272 
910 3.17363 
911 3.17453 
916 3.16157 
918 3.15904 
919 3.15996 
920 3.16087 
921 3.16178 
922 3.16269 
923 3.1636 
924 3.1645 
926 3.16199 
927 3.16289 
928 3.16379 
929 3.16469 
930 3.16559 
932 3.16309 
933 3.16399 
934 3.16488 
935 3.16578 
937 3.16329 
938 3.16418 
941 3.15834 
942 3.15924 
943 3.16013 
944 3.16102 
945 3.1619 
946 3.16279 
948 3.16034 
949 3.16122 
951 3.15878 
952 3.15966 
953 3.16055 
954 3.16143 
958 3.1524 
959 3.15328 
961 3.15088 
962 3.15177 
963 3.15265 
965 3.15026 
966 3.15114 
967 3.15202 
970 3.14639 
971 3.14727 
972 3.14815 
973 3.14902 
974 3.1499 
976 3.14754 
979 3.14198 
980 3.14286 
982 3.14053 
983 3.1414 
984 3.14228 
985 3.14315 
986 3.14402 
987 3.14488 
988 3.14575 
991 3.14026 
992 3.14113 
993 3.14199 
994 3.14286 
995 3.14372 
997 3.14142 
998 3.14228 
999 3.14314 
1 4 
2 4 
3 4 
6 2.66667 
7 2.85714 
8 3 
11 2.54545 
12 2.66667 
14 2.57143 
15 2.66667 
16 2.75 
17 2.82353 
18 2.88889 
19 2.94737 
20 3 
21 3.04762 
22 3.09091 
23 3.13043 
24 3.16667 
25 3.2 
26 3.23077 
27 3.25926 
28 3.28571 
29 3.31034 
30 3.33333 
32 3.25 
33 3.27273 
35 3.2 
37 3.13514 
38 3.15789 
39 3.17949 
41 3.12195 
42 3.14286 
43 3.16279 
44 3.18182 
45 3.2 
46 3.21739 
47 3.23404 
48 3.25 
49 3.26531 
50 3.28 
51 3.29412 
53 3.24528 
54 3.25926 
55 3.27273 
56 3.28571 
57 3.29825 
58 3.31034 
60 3.26667 
62 3.22581 
63 3.2381 
64 3.25 
65 3.26154 
66 3.27273 
68 3.23529 
69 3.24638 
70 3.25714 
71 3.26761 
72 3.27778 
73 3.28767 
74 3.2973 
77 3.22078 
78 3.23077 
79 3.24051 
80 3.25 
81 3.25926 
82 3.26829 
83 3.27711 
84 3.28571 
85 3.29412 
86 3.30233 
87 3.31034 
88 3.31818 
89 3.32584 
90 3.33333 
91 3.34066 
92 3.34783 
94 3.31915 
95 3.32632 
96 3.33333 
97 3.34021 
98 3.34694 
99 3.35354 
100 3.36 
101 3.36634 
103 3.33981 
105 3.31429 
107 3.28972 
110 3.23636 
111 3.24324 
112 3.25 
113 3.25664 
114 3.26316 
116 3.24138 
117 3.24786 
118 3.25424 
121 3.20661 
122 3.21311 
124 3.19355 
125 3.2 
126 3.20635 
127 3.2126 
128 3.21875 
129 3.22481 
133 3.15789 
134 3.16418 
135 3.17037 
137 3.15328 
138 3.15942 
139 3.16547 
140 3.17143 
141 3.1773 
142 3.1831 
143 3.18881 
144 3.19444 
146 3.17808 
148 3.16216 
149 3.16779 
150 3.17333 
151 3.17881 
153 3.1634 
154 3.16883 
155 3.17419 
156 3.17949 
157 3.18471 
158 3.18987 
159 3.19497 
161 3.18012 
162 3.18519 
164 3.17073 
165 3.17576 
166 3.18072 
167 3.18563 
168 3.19048 
169 3.19527 
170 3.2 
171 3.20468 
172 3.2093 
173 3.21387 
174 3.21839 
175 3.22286 
179 3.17318 
180 3.17778 
181 3.18232 
182 3.18681 
184 3.17391 
187 3.14439 
188 3.14894 
189 3.15344 
190 3.15789 
191 3.1623 
192 3.16667 
194 3.15464 
195 3.15897 
197 3.14721 
198 3.15152 
199 3.15578 
200 3.16 
201 3.16418 
203 3.15271 
204 3.15686 
205 3.16098 
206 3.16505 
207 3.16908 
208 3.17308 
209 3.17703 
210 3.18095 
211 3.18483 
213 3.17371 
214 3.17757 
215 3.1814 
216 3.18519 
218 3.17431 
219 3.17808 
220 3.18182 
222 3.17117 
224 3.16071 
225 3.16444 
226 3.16814 
228 3.15789 
229 3.16157 
230 3.16522 
231 3.16883 
232 3.17241 
233 3.17597 
234 3.17949 
236 3.16949 
237 3.173 
238 3.17647 
239 3.17992 
240 3.18333 
241 3.18672 
242 3.19008 
244 3.18033 
245 3.18367 
246 3.18699 
248 3.17742 
249 3.18072 
250 3.184 
251 3.18725 
252 3.19048 
253 3.19368 
255 3.18431 
256 3.1875 
257 3.19066 
258 3.1938 
259 3.19691 
260 3.2 
261 3.20307 
263 3.19392 
264 3.19697 
265 3.2 
266 3.20301 
267 3.20599 
268 3.20896 
269 3.2119 
270 3.21481 
271 3.21771 
273 3.20879 
274 3.21168 
276 3.2029 
278 3.19424 
279 3.19713 
280 3.2 
281 3.20285 
285 3.17193 
286 3.17483 
287 3.1777 
288 3.18056 
289 3.18339 
292 3.16438 
295 3.14576 
296 3.14865 
297 3.15152 
298 3.15436 
299 3.15719 
300 3.16 
301 3.16279 
302 3.16556 
303 3.16832 
304 3.17105 
305 3.17377 
306 3.17647 
307 3.17915 
308 3.18182 
309 3.18447 
311 3.17685 
313 3.16933 
315 3.1619 
316 3.16456 
317 3.16719 
319 3.15987 
320 3.1625 
322 3.15528 
323 3.15789 
324 3.16049 
325 3.16308 
326 3.16564 
328 3.15854 
329 3.16109 
331 3.15408 
332 3.15663 
334 3.1497 
336 3.14286 
337 3.1454 
338 3.14793 
339 3.15044 
340 3.15294 
341 3.15543 
342 3.15789 
345 3.14203 
346 3.14451 
347 3.14697 
348 3.14943 
349 3.15186 
350 3.15429 
352 3.14773 
353 3.15014 
354 3.15254 
355 3.15493 
356 3.1573 
358 3.15084 
359 3.1532 
360 3.15556 
361 3.15789 
362 3.16022 
363 3.16253 
364 3.16484 
365 3.16712 
366 3.1694 
367 3.17166 
368 3.17391 
370 3.16757 
371 3.16981 
373 3.16354 
374 3.16578 
375 3.168 
376 3.17021 
377 3.17241 
378 3.1746 
380 3.16842 
381 3.1706 
382 3.17277 
383 3.17493 
384 3.17708 
385 3.17922 
386 3.18135 
387 3.18346 
388 3.18557 
389 3.18766 
390 3.18974 
391 3.19182 
392 3.19388 
393 3.19593 
394 3.19797 
395 3.2 
396 3.20202 
397 3.20403 
398 3.20603 
399 3.20802 
400 3.21 
401 3.21197 
402 3.21393 
403 3.21588 
404 3.21782 
405 3.21975 
406 3.22167 
407 3.22359 
408 3.22549 
409 3.22738 
411 3.22141 
412 3.2233 
413 3.22518 
414 3.22705 
416 3.22115 
417 3.22302 
419 3.21718 
420 3.21905 
421 3.2209 
422 3.22275 
423 3.22459 
425 3.21882 
426 3.22066 
427 3.22248 
428 3.2243 
429 3.22611 
430 3.22791 
431 3.2297 
432 3.23148 
433 3.23326 
434 3.23502 
435 3.23678 
437 3.23112 
438 3.23288 
440 3.22727 
441 3.22902 
442 3.23077 
443 3.23251 
444 3.23423 
447 3.22148 
448 3.22321 
449 3.22494 
450 3.22667 
451 3.22838 
452 3.23009 
453 3.23179 
454 3.23348 
455 3.23516 
456 3.23684 
457 3.23851 
459 3.23312 
460 3.23478 
461 3.23644 
463 3.2311 
464 3.23276 
465 3.23441 
467 3.22912 
468 3.23077 
469 3.23241 
470 3.23404 
473 3.22199 
474 3.22363 
475 3.22526 
476 3.22689 
477 3.22851 
478 3.23013 
479 3.23173 
480 3.23333 
481 3.23493 
482 3.23651 
483 3.2381 
484 3.23967 
485 3.24124 
486 3.2428 
488 3.2377 
489 3.23926 
490 3.24082 
491 3.24236 
493 3.23732 
494 3.23887 
495 3.2404 
496 3.24194 
497 3.24346 
498 3.24498 
499 3.24649 
500 3.248 
501 3.2495 
502 3.251 
503 3.25249 
506 3.24111 
508 3.23622 
509 3.23772 
512 3.22656 
513 3.22807 
514 3.22957 
516 3.22481 
517 3.22631 
518 3.2278 
519 3.22929 
520 3.23077 
521 3.23225 
522 3.23372 
523 3.23518 
524 3.23664 
526 3.23194 
527 3.2334 
530 3.22264 
531 3.22411 
533 3.21951 
534 3.22097 
535 3.22243 
536 3.22388 
537 3.22533 
538 3.22677 
539 3.2282 
540 3.22963 
541 3.23105 
542 3.23247 
543 3.23389 
544 3.23529 
545 3.2367 
546 3.2381 
549 3.22769 
550 3.22909 
551 3.23049 
552 3.23188 
553 3.23327 
554 3.23466 
556 3.23022 
557 3.2316 
558 3.23297 
559 3.23435 
561 3.22995 
562 3.23132 
563 3.23268 
564 3.23404 
567 3.22399 
570 3.21404 
572 3.20979 
573 3.21117 
574 3.21254 
575 3.21391 
576 3.21528 
577 3.21664 
578 3.21799 
579 3.21934 
580 3.22069 
581 3.22203 
582 3.22337 
583 3.2247 
584 3.22603 
585 3.22735 
587 3.22317 
588 3.22449 
589 3.22581 
590 3.22712 
591 3.22843 
592 3.22973 
593 3.23103 
594 3.23232 
596 3.22819 
597 3.22948 
598 3.23077 
599 3.23205 
600 3.23333 
602 3.22924 
604 3.22517 
605 3.22645 
606 3.22772 
607 3.229 
608 3.23026 
609 3.23153 
610 3.23279 
612 3.22876 
613 3.23002 
614 3.23127 
615 3.23252 
619 3.21809 
620 3.21935 
621 3.22061 
622 3.22186 
624 3.21795 
625 3.2192 
627 3.21531 
628 3.21656 
629 3.21781 
630 3.21905 
632 3.21519 
633 3.21643 
634 3.21767 
635 3.2189 
636 3.22013 
637 3.22135 
639 3.21753 
640 3.21875 
641 3.21997 
642 3.22118 
643 3.2224 
644 3.2236 
645 3.22481 
647 3.22102 
648 3.22222 
649 3.22342 
650 3.22462 
652 3.22086 
653 3.22205 
654 3.22324 
655 3.22443 
656 3.22561 
657 3.22679 
658 3.22796 
659 3.22914 
660 3.2303 
661 3.23147 
662 3.23263 
664 3.22892 
665 3.23008 
667 3.22639 
668 3.22754 
669 3.2287 
670 3.22985 
671 3.231 
672 3.23214 
673 3.23328 
675 3.22963 
676 3.23077 
677 3.23191 
678 3.23304 
679 3.23417 
680 3.23529 
681 3.23642 
682 3.23754 
685 3.2292 
686 3.23032 
687 3.23144 
688 3.23256 
689 3.23367 
690 3.23478 
691 3.23589 
692 3.23699 
693 3.2381 
695 3.23453 
696 3.23563 
697 3.23673 
698 3.23782 
699 3.23891 
700 3.24 
701 3.24108 
703 3.23755 
704 3.23864 
705 3.23972 
706 3.24079 
707 3.24187 
708 3.24294 
709 3.24401 
711 3.24051 
712 3.24157 
714 3.2381 
715 3.23916 
717 3.2357 
718 3.23677 
719 3.23783 
720 3.23889 
721 3.23994 
722 3.241 
723 3.24205 
724 3.24309 
725 3.24414 
726 3.24518 
727 3.24622 
728 3.24725 
729 3.24829 
731 3.24487 
732 3.2459 
734 3.24251 
735 3.24354 
736 3.24457 
737 3.24559 
741 3.23347 
742 3.2345 
744 3.23118 
746 3.22788 
747 3.22892 
749 3.22563 
750 3.22667 
751 3.2277 
752 3.22872 
753 3.22975 
755 3.22649 
757 3.22325 
758 3.22427 
760 3.22105 
761 3.22208 
762 3.2231 
764 3.2199 
766 3.21671 
767 3.21773 
768 3.21875 
769 3.21977 
770 3.22078 
772 3.21762 
773 3.21863 
774 3.21964 
775 3.22065 
776 3.22165 
778 3.21851 
780 3.21538 
781 3.21639 
782 3.21739 
784 3.21429 
785 3.21529 
786 3.21628 
787 3.21728 
788 3.21827 
789 3.21926 
790 3.22025 
791 3.22124 
792 3.22222 
793 3.2232 
794 3.22418 
795 3.22516 
796 3.22613 
797 3.2271 
798 3.22807 
799 3.22904 
800 3.23 
802 3.22693 
803 3.2279 
804 3.22886 
805 3.22981 
807 3.22677 
808 3.22772 
809 3.22868 
813 3.21771 
815 3.21472 
817 3.21175 
818 3.21271 
819 3.21368 
820 3.21463 
821 3.21559 
823 3.21264 
825 3.2097 
826 3.21065 
827 3.21161 
828 3.21256 
829 3.21351 
830 3.21446 
831 3.2154 
832 3.21635 
833 3.21729 
835 3.21437 
836 3.21531 
837 3.21625 
838 3.21718 
839 3.21812 
840 3.21905 
841 3.21998 
842 3.2209 
843 3.22183 
844 3.22275 
845 3.22367 
846 3.22459 
847 3.2255 
848 3.22642 
849 3.22733 
850 3.22824 
851 3.22914 
852 3.23005 
854 3.22717 
855 3.22807 
856 3.22897 
857 3.22987 
858 3.23077 
859 3.23166 
860 3.23256 
861 3.23345 
863 3.23059 
864 3.23148 
865 3.23237 
866 3.23326 
868 3.23041 
869 3.2313 
870 3.23218 
871 3.23307 
872 3.23394 
873 3.23482 
874 3.2357 
875 3.23657 
876 3.23744 
877 3.23831 
879 3.23549 
881 3.23269 
882 3.23356 
883 3.23443 
884 3.23529 
886 3.23251 
887 3.23337 
888 3.23423 
889 3.2351 
890 3.23596 
891 3.23681 
892 3.23767 
893 3.23852 
894 3.23937 
895 3.24022 
896 3.24107 
897 3.24192 
898 3.24276 
899 3.2436 
900 3.24444 
901 3.24528 
902 3.24612 
904 3.24336 
905 3.2442 
907 3.24146 
908 3.24229 
909 3.24312 
911 3.2404 
912 3.24123 
915 3.23497 
917 3.23228 
920 3.22609 
921 3.22693 
922 3.22777 
923 3.2286 
924 3.22944 
925 3.23027 
926 3.2311 
929 3.22497 
930 3.22581 
932 3.22318 
933 3.22401 
934 3.22484 
935 3.22567 
937 3.22305 
938 3.22388 
939 3.22471 
940 3.22553 
941 3.22635 
942 3.22718 
943 3.228 
946 3.22199 
948 3.21941 
949 3.22023 
950 3.22105 
951 3.22187 
954 3.21593 
955 3.21675 
956 3.21757 
957 3.21839 
958 3.21921 
959 3.22002 
961 3.21748 
962 3.2183 
963 3.21911 
964 3.21992 
965 3.22073 
966 3.22153 
967 3.22234 
970 3.21649 
971 3.2173 
972 3.21811 
973 3.21891 
974 3.21971 
976 3.21721 
978 3.21472 
979 3.21553 
980 3.21633 
982 3.21385 
983 3.21465 
984 3.21545 
985 3.21624 
986 3.21704 
987 3.21783 
988 3.21862 
989 3.21941 
992 3.21371 
993 3.2145 
994 3.21529 
995 3.21608 
996 3.21687 
997 3.21765 
998 3.21844 
999 3.21922 
