1 4 
2 4 
3 4 
4 4 
5 4 
6 4 
7 4 
8 4 
10 3.6 
11 3.63636 
12 3.66667 
13 3.69231 
14 3.71429 
15 3.73333 
17 3.52941 
18 3.55556 
19 3.57895 
21 3.42857 
22 3.45455 
23 3.47826 
24 3.5 
25 3.52 
26 3.53846 
27 3.55556 
28 3.57143 
29 3.58621 
30 3.6 
31 3.6129 
33 3.51515 
34 3.52941 
35 3.54286 
37 3.45946 
39 3.38462 
40 3.4 
41 3.41463 
42 3.42857 
43 3.44186 
44 3.45455 
45 3.46667 
46 3.47826 
48 3.41667 
49 3.42857 
50 3.44 
52 3.38462 
53 3.39623 
54 3.40741 
55 3.41818 
56 3.42857 
57 3.4386 
58 3.44828 
59 3.45763 
60 3.46667 
61 3.47541 
64 3.375 
65 3.38462 
66 3.39394 
67 3.40299 
68 3.41176 
69 3.42029 
71 3.38028 
72 3.38889 
73 3.39726 
74 3.40541 
76 3.36842 
77 3.37662 
79 3.34177 
80 3.35 
82 3.31707 
83 3.3253 
84 3.33333 
85 3.34118 
86 3.34884 
87 3.35632 
88 3.36364 
91 3.2967 
92 3.30435 
93 3.31183 
95 3.28421 
96 3.29167 
97 3.29897 
98 3.30612 
99 3.31313 
100 3.32 
101 3.32673 
103 3.30097 
104 3.30769 
105 3.31429 
107 3.28972 
108 3.2963 
109 3.30275 
110 3.30909 
111 3.31532 
112 3.32143 
113 3.32743 
114 3.33333 
115 3.33913 
116 3.34483 
117 3.35043 
118 3.35593 
120 3.33333 
121 3.33884 
122 3.34426 
123 3.34959 
125 3.328 
126 3.33333 
128 3.3125 
129 3.31783 
130 3.32308 
131 3.32824 
132 3.33333 
133 3.33835 
136 3.29412 
137 3.29927 
138 3.30435 
140 3.28571 
141 3.29078 
142 3.29577 
144 3.27778 
147 3.2381 
149 3.22148 
150 3.22667 
151 3.23179 
152 3.23684 
153 3.24183 
154 3.24675 
155 3.25161 
156 3.25641 
157 3.26115 
158 3.26582 
159 3.27044 
160 3.275 
161 3.2795 
162 3.28395 
163 3.28834 
164 3.29268 
165 3.29697 
166 3.3012 
167 3.30539 
168 3.30952 
170 3.29412 
171 3.29825 
172 3.30233 
173 3.30636 
175 3.29143 
178 3.25843 
180 3.24444 
181 3.24862 
182 3.25275 
183 3.25683 
185 3.24324 
186 3.24731 
188 3.23404 
189 3.2381 
190 3.24211 
191 3.24607 
192 3.25 
193 3.25389 
194 3.25773 
195 3.26154 
196 3.26531 
199 3.23618 
200 3.24 
201 3.24378 
202 3.24752 
203 3.25123 
204 3.2549 
205 3.25854 
206 3.26214 
207 3.2657 
208 3.26923 
209 3.27273 
210 3.27619 
211 3.27962 
212 3.28302 
213 3.28638 
214 3.28972 
215 3.29302 
216 3.2963 
217 3.29954 
218 3.30275 
219 3.30594 
220 3.30909 
221 3.31222 
222 3.31532 
224 3.30357 
226 3.29204 
227 3.29515 
228 3.29825 
229 3.30131 
231 3.29004 
232 3.2931 
233 3.29614 
234 3.29915 
235 3.30213 
236 3.30508 
237 3.30802 
238 3.31092 
239 3.31381 
240 3.31667 
241 3.3195 
242 3.32231 
243 3.3251 
244 3.32787 
246 3.31707 
247 3.31984 
248 3.32258 
249 3.3253 
251 3.31474 
252 3.31746 
254 3.30709 
255 3.3098 
256 3.3125 
257 3.31518 
258 3.31783 
259 3.32046 
261 3.31034 
262 3.31298 
263 3.31559 
264 3.31818 
265 3.32075 
266 3.32331 
267 3.32584 
268 3.32836 
269 3.33086 
270 3.33333 
271 3.33579 
272 3.33824 
273 3.34066 
274 3.34307 
275 3.34545 
276 3.34783 
278 3.33813 
280 3.32857 
282 3.31915 
283 3.32155 
284 3.32394 
285 3.32632 
286 3.32867 
287 3.33101 
288 3.33333 
290 3.32414 
291 3.32646 
292 3.32877 
293 3.33106 
294 3.33333 
296 3.32432 
297 3.3266 
298 3.32886 
300 3.32 
301 3.32226 
302 3.3245 
304 3.31579 
306 3.30719 
307 3.30945 
308 3.31169 
309 3.31392 
310 3.31613 
312 3.30769 
313 3.3099 
314 3.3121 
315 3.31429 
317 3.30599 
318 3.30818 
320 3.3 
321 3.30218 
322 3.30435 
324 3.2963 
325 3.29846 
326 3.30061 
327 3.30275 
329 3.29483 
330 3.29697 
331 3.29909 
332 3.3012 
333 3.3033 
334 3.30539 
335 3.30746 
336 3.30952 
337 3.31157 
338 3.31361 
339 3.31563 
340 3.31765 
341 3.31965 
342 3.32164 
343 3.32362 
348 3.28736 
350 3.28 
351 3.28205 
352 3.28409 
353 3.28612 
355 3.27887 
356 3.2809 
357 3.28291 
359 3.27577 
361 3.2687 
362 3.27072 
363 3.27273 
364 3.27473 
366 3.26776 
367 3.26975 
368 3.27174 
369 3.27371 
370 3.27568 
372 3.26882 
373 3.27078 
374 3.27273 
375 3.27467 
376 3.2766 
377 3.27851 
378 3.28042 
379 3.28232 
380 3.28421 
381 3.28609 
382 3.28796 
383 3.28982 
384 3.29167 
385 3.29351 
386 3.29534 
387 3.29716 
388 3.29897 
389 3.30077 
392 3.28571 
393 3.28753 
394 3.28934 
395 3.29114 
397 3.28463 
398 3.28643 
401 3.27182 
403 3.26551 
404 3.26733 
406 3.26108 
409 3.24694 
410 3.24878 
411 3.25061 
412 3.25243 
413 3.25424 
414 3.25604 
415 3.25783 
416 3.25962 
417 3.26139 
418 3.26316 
419 3.26492 
420 3.26667 
421 3.26841 
422 3.27014 
423 3.27187 
424 3.27358 
425 3.27529 
426 3.277 
427 3.27869 
428 3.28037 
429 3.28205 
430 3.28372 
431 3.28538 
432 3.28704 
433 3.28868 
434 3.29032 
435 3.29195 
436 3.29358 
437 3.29519 
438 3.2968 
439 3.29841 
440 3.3 
441 3.30159 
442 3.30317 
443 3.30474 
444 3.30631 
447 3.29306 
448 3.29464 
449 3.29621 
450 3.29778 
452 3.29204 
453 3.2936 
455 3.28791 
456 3.28947 
457 3.29103 
459 3.2854 
460 3.28696 
461 3.2885 
463 3.28294 
464 3.28448 
465 3.28602 
466 3.28755 
467 3.28908 
468 3.2906 
470 3.28511 
472 3.27966 
473 3.28118 
474 3.2827 
476 3.27731 
477 3.27883 
478 3.28033 
480 3.275 
482 3.26971 
483 3.27122 
486 3.25926 
488 3.2541 
489 3.25562 
490 3.25714 
491 3.25866 
493 3.25355 
494 3.25506 
495 3.25657 
496 3.25806 
497 3.25956 
498 3.26104 
499 3.26253 
500 3.264 
501 3.26547 
502 3.26693 
503 3.26839 
504 3.26984 
505 3.27129 
507 3.26627 
509 3.2613 
511 3.25636 
512 3.25781 
514 3.25292 
515 3.25437 
516 3.25581 
517 3.25725 
518 3.25869 
519 3.26012 
520 3.26154 
521 3.26296 
523 3.25813 
527 3.24099 
528 3.24242 
529 3.24386 
530 3.24528 
532 3.2406 
533 3.24203 
534 3.24345 
535 3.24486 
536 3.24627 
537 3.24767 
538 3.24907 
539 3.25046 
540 3.25185 
541 3.25323 
543 3.24862 
544 3.25 
545 3.25138 
546 3.25275 
547 3.25411 
548 3.25547 
549 3.25683 
550 3.25818 
551 3.25953 
552 3.26087 
553 3.26221 
554 3.26354 
555 3.26486 
557 3.26032 
559 3.25581 
560 3.25714 
561 3.25847 
562 3.25979 
563 3.2611 
565 3.25664 
566 3.25795 
567 3.25926 
568 3.26056 
570 3.25614 
571 3.25744 
572 3.25874 
573 3.26003 
576 3.25 
577 3.2513 
578 3.2526 
579 3.25389 
580 3.25517 
581 3.25645 
582 3.25773 
583 3.25901 
584 3.26027 
585 3.26154 
586 3.2628 
587 3.26405 
588 3.26531 
589 3.26655 
590 3.2678 
591 3.26904 
592 3.27027 
593 3.2715 
594 3.27273 
596 3.26846 
597 3.26968 
599 3.26544 
600 3.26667 
601 3.26789 
603 3.26368 
604 3.2649 
605 3.26612 
606 3.26733 
607 3.26853 
608 3.26974 
610 3.26557 
611 3.26678 
612 3.26797 
613 3.26917 
614 3.27036 
615 3.27154 
616 3.27273 
619 3.26333 
620 3.26452 
621 3.2657 
622 3.26688 
625 3.2576 
627 3.25359 
628 3.25478 
629 3.25596 
630 3.25714 
631 3.25832 
632 3.25949 
633 3.26066 
634 3.26183 
635 3.26299 
636 3.26415 
638 3.26019 
639 3.26135 
640 3.2625 
641 3.26365 
642 3.2648 
643 3.26594 
647 3.25193 
648 3.25309 
649 3.25424 
650 3.25538 
651 3.25653 
652 3.25767 
653 3.25881 
655 3.25496 
657 3.25114 
658 3.25228 
659 3.25341 
660 3.25455 
661 3.25567 
663 3.25189 
664 3.25301 
665 3.25414 
666 3.25526 
667 3.25637 
668 3.25749 
670 3.25373 
671 3.25484 
673 3.25111 
674 3.25223 
675 3.25333 
676 3.25444 
678 3.25074 
679 3.25184 
680 3.25294 
681 3.25404 
683 3.25037 
684 3.25146 
685 3.25255 
686 3.25364 
687 3.25473 
688 3.25581 
690 3.25217 
691 3.25326 
692 3.25434 
693 3.25541 
694 3.25648 
695 3.25755 
696 3.25862 
697 3.25968 
698 3.26074 
699 3.2618 
700 3.26286 
701 3.26391 
702 3.26496 
703 3.266 
704 3.26705 
705 3.26809 
706 3.26912 
707 3.27016 
708 3.27119 
711 3.26301 
712 3.26404 
713 3.26508 
714 3.26611 
716 3.26257 
717 3.2636 
718 3.26462 
719 3.26565 
720 3.26667 
721 3.26768 
722 3.2687 
724 3.26519 
725 3.26621 
727 3.26272 
728 3.26374 
729 3.26475 
730 3.26575 
731 3.26676 
732 3.26776 
733 3.26876 
734 3.26975 
735 3.27075 
736 3.27174 
737 3.27273 
739 3.26928 
740 3.27027 
741 3.27126 
742 3.27224 
743 3.27322 
745 3.2698 
747 3.2664 
748 3.26738 
749 3.26836 
751 3.26498 
752 3.26596 
753 3.26693 
754 3.2679 
755 3.26887 
756 3.26984 
757 3.27081 
758 3.27177 
759 3.27273 
760 3.27368 
762 3.27034 
763 3.2713 
765 3.26797 
766 3.26893 
767 3.26988 
768 3.27083 
769 3.27178 
771 3.26848 
772 3.26943 
775 3.26194 
776 3.26289 
777 3.26384 
778 3.26478 
779 3.26573 
781 3.26248 
782 3.26343 
783 3.26437 
785 3.26115 
786 3.26209 
787 3.26302 
790 3.2557 
791 3.25664 
793 3.25347 
794 3.25441 
795 3.25535 
796 3.25628 
797 3.25721 
798 3.25815 
799 3.25907 
801 3.25593 
802 3.25686 
803 3.25778 
804 3.25871 
805 3.25963 
806 3.26055 
807 3.26146 
808 3.26238 
809 3.26329 
810 3.2642 
812 3.26108 
813 3.26199 
815 3.2589 
816 3.2598 
817 3.26071 
818 3.26161 
819 3.26252 
820 3.26341 
821 3.26431 
822 3.26521 
823 3.2661 
824 3.26699 
825 3.26788 
826 3.26877 
827 3.26965 
829 3.26659 
830 3.26747 
832 3.26442 
833 3.26531 
834 3.26619 
835 3.26707 
836 3.26794 
838 3.26492 
839 3.26579 
840 3.26667 
841 3.26754 
842 3.26841 
843 3.26928 
844 3.27014 
845 3.27101 
847 3.268 
848 3.26887 
849 3.26973 
850 3.27059 
852 3.26761 
853 3.26846 
855 3.2655 
858 3.25874 
859 3.2596 
860 3.26047 
861 3.26132 
862 3.26218 
863 3.26304 
864 3.26389 
865 3.26474 
866 3.26559 
867 3.26644 
868 3.26728 
869 3.26812 
870 3.26897 
871 3.2698 
874 3.26316 
875 3.264 
877 3.26112 
878 3.26196 
880 3.25909 
881 3.25993 
882 3.26077 
883 3.26161 
884 3.26244 
885 3.26328 
887 3.26043 
888 3.26126 
889 3.26209 
890 3.26292 
891 3.26375 
892 3.26457 
894 3.26174 
895 3.26257 
896 3.26339 
898 3.26058 
899 3.2614 
900 3.26222 
901 3.26304 
902 3.26386 
903 3.26467 
904 3.26549 
906 3.26269 
908 3.25991 
909 3.26073 
910 3.26154 
911 3.26235 
912 3.26316 
913 3.26396 
914 3.26477 
915 3.26557 
916 3.26638 
917 3.26718 
918 3.26797 
919 3.26877 
920 3.26957 
921 3.27036 
922 3.27115 
924 3.2684 
925 3.26919 
928 3.26293 
929 3.26372 
930 3.26452 
931 3.26531 
932 3.26609 
934 3.26338 
935 3.26417 
936 3.26496 
937 3.26574 
938 3.26652 
939 3.26731 
941 3.26461 
942 3.26539 
943 3.26617 
946 3.26004 
947 3.26082 
948 3.2616 
950 3.25895 
951 3.25973 
952 3.2605 
953 3.26128 
954 3.26205 
955 3.26283 
956 3.2636 
958 3.26096 
959 3.26173 
960 3.2625 
961 3.26327 
962 3.26403 
963 3.2648 
964 3.26556 
965 3.26632 
966 3.26708 
968 3.26446 
969 3.26522 
970 3.26598 
971 3.26674 
972 3.26749 
973 3.26824 
974 3.26899 
975 3.26974 
977 3.26714 
978 3.26789 
980 3.26531 
981 3.26606 
982 3.2668 
983 3.26755 
984 3.26829 
985 3.26904 
986 3.26978 
987 3.27052 
988 3.27126 
989 3.27199 
991 3.26942 
992 3.27016 
995 3.26432 
996 3.26506 
997 3.2658 
998 3.26653 
999 3.26727 
1 4 
2 4 
3 4 
4 4 
5 4 
6 4 
8 3.5 
9 3.55556 
10 3.6 
11 3.63636 
12 3.66667 
13 3.69231 
14 3.71429 
15 3.73333 
16 3.75 
17 3.76471 
21 3.2381 
22 3.27273 
23 3.30435 
24 3.33333 
25 3.36 
27 3.25926 
28 3.28571 
30 3.2 
31 3.22581 
32 3.25 
33 3.27273 
34 3.29412 
35 3.31429 
38 3.15789 
39 3.17949 
40 3.2 
41 3.21951 
42 3.2381 
43 3.25581 
44 3.27273 
45 3.28889 
48 3.16667 
49 3.18367 
50 3.2 
52 3.15385 
53 3.16981 
54 3.18519 
55 3.2 
56 3.21429 
57 3.22807 
58 3.24138 
59 3.25424 
60 3.26667 
61 3.27869 
64 3.1875 
65 3.2 
66 3.21212 
67 3.22388 
68 3.23529 
69 3.24638 
71 3.21127 
72 3.22222 
73 3.23288 
74 3.24324 
76 3.21053 
77 3.22078 
79 3.18987 
80 3.2 
82 3.17073 
83 3.18072 
84 3.19048 
85 3.2 
86 3.2093 
87 3.21839 
88 3.22727 
89 3.23596 
90 3.24444 
94 3.14894 
95 3.15789 
96 3.16667 
97 3.17526 
98 3.18367 
99 3.19192 
101 3.16832 
102 3.17647 
104 3.15385 
105 3.1619 
106 3.16981 
107 3.17757 
108 3.18519 
109 3.19266 
110 3.2 
112 3.17857 
113 3.18584 
114 3.19298 
115 3.2 
116 3.2069 
117 3.21368 
118 3.22034 
119 3.22689 
120 3.23333 
121 3.23967 
122 3.2459 
123 3.25203 
126 3.20635 
128 3.1875 
129 3.1938 
131 3.17557 
133 3.15789 
134 3.16418 
137 3.12409 
138 3.13043 
140 3.11429 
141 3.12057 
142 3.12676 
143 3.13287 
145 3.11724 
147 3.10204 
148 3.10811 
149 3.11409 
150 3.12 
151 3.12583 
152 3.13158 
153 3.13725 
154 3.14286 
155 3.14839 
156 3.15385 
157 3.15924 
158 3.16456 
159 3.16981 
160 3.175 
161 3.18012 
162 3.18519 
164 3.17073 
165 3.17576 
167 3.16168 
168 3.16667 
170 3.15294 
172 3.13953 
173 3.14451 
174 3.14943 
175 3.15429 
176 3.15909 
177 3.16384 
178 3.16854 
183 3.10383 
185 3.09189 
186 3.09677 
187 3.1016 
188 3.10638 
189 3.11111 
190 3.11579 
192 3.10417 
194 3.09278 
195 3.09744 
196 3.10204 
197 3.1066 
199 3.09548 
200 3.1 
201 3.10448 
202 3.10891 
203 3.1133 
204 3.11765 
205 3.12195 
206 3.12621 
207 3.13043 
209 3.11962 
210 3.12381 
213 3.09859 
214 3.1028 
215 3.10698 
216 3.11111 
218 3.10092 
219 3.10502 
221 3.09502 
222 3.0991 
223 3.10314 
224 3.10714 
226 3.09735 
227 3.10132 
230 3.07826 
231 3.08225 
232 3.08621 
233 3.09013 
234 3.09402 
235 3.09787 
236 3.10169 
237 3.10549 
238 3.10924 
240 3.1 
241 3.10373 
242 3.10744 
243 3.11111 
244 3.11475 
245 3.11837 
246 3.12195 
247 3.12551 
248 3.12903 
249 3.13253 
250 3.136 
251 3.13944 
253 3.13043 
254 3.13386 
255 3.13725 
256 3.14062 
257 3.14397 
258 3.14729 
259 3.15058 
261 3.14176 
263 3.13308 
264 3.13636 
265 3.13962 
266 3.14286 
267 3.14607 
268 3.14925 
269 3.15242 
270 3.15556 
271 3.15867 
272 3.16176 
273 3.16484 
275 3.15636 
276 3.15942 
278 3.15108 
279 3.15412 
280 3.15714 
281 3.16014 
282 3.16312 
284 3.15493 
285 3.15789 
286 3.16084 
287 3.16376 
288 3.16667 
289 3.16955 
290 3.17241 
292 3.16438 
294 3.15646 
296 3.14865 
297 3.15152 
299 3.14381 
300 3.14667 
301 3.1495 
302 3.15232 
304 3.14474 
305 3.14754 
306 3.15033 
307 3.15309 
308 3.15584 
309 3.15858 
310 3.16129 
312 3.15385 
313 3.15655 
314 3.15924 
315 3.1619 
317 3.15457 
320 3.1375 
322 3.13043 
323 3.13313 
324 3.1358 
325 3.13846 
326 3.1411 
327 3.14373 
328 3.14634 
329 3.14894 
330 3.15152 
331 3.15408 
332 3.15663 
333 3.15916 
334 3.16168 
335 3.16418 
337 3.15727 
338 3.15976 
339 3.16224 
340 3.16471 
341 3.16716 
342 3.16959 
343 3.17201 
346 3.15607 
348 3.14943 
349 3.15186 
350 3.15429 
351 3.1567 
352 3.15909 
353 3.16147 
355 3.15493 
356 3.1573 
358 3.15084 
359 3.1532 
360 3.15556 
361 3.15789 
362 3.16022 
363 3.16253 
364 3.16484 
365 3.16712 
366 3.1694 
367 3.17166 
368 3.17391 
370 3.16757 
372 3.16129 
373 3.16354 
374 3.16578 
375 3.168 
377 3.1618 
380 3.14737 
381 3.14961 
382 3.15183 
383 3.15405 
384 3.15625 
385 3.15844 
389 3.13625 
392 3.12245 
393 3.12468 
394 3.1269 
395 3.12911 
396 3.13131 
397 3.1335 
399 3.12782 
401 3.12219 
402 3.12438 
403 3.12655 
404 3.12871 
406 3.12315 
407 3.12531 
408 3.12745 
409 3.12958 
410 3.13171 
411 3.13382 
412 3.13592 
413 3.13801 
414 3.1401 
415 3.14217 
416 3.14423 
417 3.14628 
418 3.14833 
419 3.15036 
420 3.15238 
421 3.15439 
422 3.1564 
423 3.15839 
424 3.16038 
425 3.16235 
426 3.16432 
427 3.16628 
428 3.16822 
429 3.17016 
431 3.16473 
432 3.16667 
433 3.16859 
434 3.17051 
435 3.17241 
436 3.17431 
437 3.1762 
438 3.17808 
439 3.17995 
440 3.18182 
441 3.18367 
443 3.17833 
444 3.18018 
445 3.18202 
447 3.17673 
448 3.17857 
449 3.1804 
450 3.18222 
451 3.18404 
452 3.18584 
455 3.17363 
456 3.17544 
457 3.17724 
458 3.17904 
459 3.18083 
460 3.18261 
461 3.18438 
462 3.18615 
463 3.1879 
464 3.18966 
465 3.1914 
466 3.19313 
467 3.19486 
470 3.18298 
471 3.18471 
473 3.1797 
474 3.18143 
475 3.18316 
477 3.1782 
478 3.17992 
480 3.175 
481 3.17672 
482 3.17842 
483 3.18012 
485 3.17526 
486 3.17695 
488 3.17213 
489 3.17382 
490 3.17551 
492 3.17073 
493 3.17241 
494 3.17409 
495 3.17576 
497 3.17103 
498 3.17269 
499 3.17435 
500 3.176 
501 3.17764 
502 3.17928 
503 3.18091 
504 3.18254 
507 3.1716 
508 3.17323 
509 3.17485 
510 3.17647 
511 3.17808 
512 3.17969 
513 3.18129 
514 3.18288 
515 3.18447 
517 3.17988 
518 3.18147 
519 3.18304 
521 3.1785 
523 3.174 
525 3.16952 
526 3.1711 
527 3.17268 
528 3.17424 
529 3.1758 
530 3.17736 
531 3.17891 
532 3.18045 
534 3.17603 
535 3.17757 
537 3.17318 
538 3.17472 
539 3.17625 
540 3.17778 
541 3.1793 
542 3.18081 
543 3.18232 
544 3.18382 
546 3.17949 
547 3.18099 
548 3.18248 
550 3.17818 
551 3.17967 
552 3.18116 
553 3.18264 
554 3.18412 
555 3.18559 
556 3.18705 
557 3.18851 
558 3.18996 
559 3.19141 
561 3.18717 
562 3.18861 
563 3.19005 
564 3.19149 
565 3.19292 
566 3.19435 
568 3.19014 
569 3.19156 
570 3.19298 
572 3.18881 
573 3.19023 
574 3.19164 
578 3.17647 
579 3.17789 
580 3.17931 
581 3.18072 
582 3.18213 
583 3.18353 
584 3.18493 
585 3.18632 
586 3.18771 
587 3.1891 
588 3.19048 
589 3.19185 
590 3.19322 
591 3.19459 
592 3.19595 
593 3.1973 
595 3.19328 
596 3.19463 
598 3.19064 
599 3.19199 
600 3.19333 
601 3.19468 
602 3.19601 
604 3.19205 
605 3.19339 
606 3.19472 
607 3.19605 
608 3.19737 
609 3.19869 
610 3.2 
611 3.20131 
612 3.20261 
613 3.20392 
614 3.20521 
615 3.2065 
616 3.20779 
617 3.20908 
619 3.20517 
620 3.20645 
621 3.20773 
623 3.20385 
624 3.20513 
626 3.20128 
627 3.20255 
628 3.20382 
629 3.20509 
630 3.20635 
631 3.20761 
632 3.20886 
633 3.21011 
634 3.21136 
635 3.2126 
638 3.20376 
640 3.2 
642 3.19626 
643 3.19751 
644 3.19876 
646 3.19505 
647 3.19629 
648 3.19753 
650 3.19385 
652 3.19018 
653 3.19142 
654 3.19266 
655 3.19389 
656 3.19512 
657 3.19635 
658 3.19757 
659 3.19879 
660 3.2 
661 3.20121 
662 3.20242 
663 3.20362 
664 3.20482 
665 3.20602 
667 3.2024 
668 3.20359 
669 3.20478 
670 3.20597 
673 3.19762 
674 3.19881 
675 3.2 
676 3.20118 
678 3.19764 
679 3.19882 
680 3.2 
684 3.18713 
685 3.18832 
687 3.18486 
688 3.18605 
689 3.18723 
690 3.18841 
691 3.18958 
692 3.19075 
693 3.19192 
694 3.19308 
695 3.19424 
696 3.1954 
697 3.19656 
698 3.19771 
699 3.19886 
700 3.2 
703 3.19203 
704 3.19318 
705 3.19433 
707 3.19095 
708 3.19209 
709 3.19323 
711 3.18987 
712 3.19101 
713 3.19215 
715 3.18881 
716 3.18994 
717 3.19107 
718 3.1922 
719 3.19332 
721 3.19001 
723 3.18672 
725 3.18345 
726 3.18457 
727 3.18569 
728 3.18681 
729 3.18793 
730 3.18904 
731 3.19015 
733 3.1869 
734 3.18801 
736 3.18478 
737 3.18589 
738 3.18699 
739 3.18809 
740 3.18919 
744 3.17742 
745 3.17852 
746 3.17962 
747 3.18072 
748 3.18182 
749 3.18291 
750 3.184 
751 3.18509 
752 3.18617 
753 3.18725 
754 3.18833 
755 3.1894 
756 3.19048 
757 3.19155 
758 3.19261 
760 3.18947 
761 3.19054 
762 3.1916 
763 3.19266 
764 3.19372 
765 3.19477 
766 3.19582 
767 3.19687 
768 3.19792 
770 3.19481 
771 3.19585 
772 3.19689 
773 3.19793 
774 3.19897 
775 3.2 
776 3.20103 
777 3.20206 
778 3.20308 
779 3.20411 
780 3.20513 
781 3.20615 
782 3.20716 
784 3.20408 
785 3.2051 
787 3.20203 
788 3.20305 
790 3.2 
792 3.19697 
793 3.19798 
794 3.19899 
795 3.2 
797 3.19699 
798 3.19799 
799 3.199 
801 3.196 
802 3.19701 
803 3.19801 
804 3.199 
805 3.2 
806 3.20099 
808 3.19802 
810 3.19506 
811 3.19605 
812 3.19704 
813 3.19803 
814 3.19902 
815 3.2 
816 3.20098 
818 3.19804 
819 3.19902 
820 3.2 
821 3.20097 
822 3.20195 
823 3.20292 
824 3.20388 
825 3.20485 
826 3.20581 
828 3.2029 
831 3.19615 
832 3.19712 
833 3.19808 
834 3.19904 
835 3.2 
836 3.20096 
838 3.19809 
839 3.19905 
840 3.2 
841 3.20095 
842 3.2019 
843 3.20285 
844 3.20379 
847 3.19717 
848 3.19811 
849 3.19906 
850 3.2 
851 3.20094 
853 3.19812 
854 3.19906 
855 3.2 
856 3.20093 
858 3.19814 
860 3.19535 
861 3.19628 
862 3.19722 
863 3.19815 
864 3.19907 
865 3.2 
867 3.19723 
868 3.19816 
869 3.19908 
870 3.2 
871 3.20092 
872 3.20183 
874 3.19908 
875 3.2 
877 3.19726 
878 3.19818 
879 3.19909 
880 3.2 
882 3.19728 
883 3.19819 
885 3.19548 
886 3.19639 
887 3.19729 
889 3.1946 
890 3.19551 
891 3.19641 
895 3.18659 
896 3.1875 
897 3.18841 
898 3.18931 
899 3.19021 
900 3.19111 
902 3.18847 
903 3.18937 
904 3.19027 
906 3.18764 
907 3.18853 
908 3.18943 
909 3.19032 
910 3.19121 
911 3.1921 
912 3.19298 
913 3.19387 
914 3.19475 
915 3.19563 
916 3.19651 
917 3.19738 
918 3.19826 
919 3.19913 
920 3.2 
921 3.20087 
922 3.20174 
923 3.2026 
924 3.20346 
926 3.20086 
928 3.19828 
931 3.19227 
932 3.19313 
933 3.194 
935 3.19144 
936 3.19231 
937 3.19317 
938 3.19403 
939 3.19489 
941 3.19235 
942 3.19321 
943 3.19406 
945 3.19153 
946 3.19239 
947 3.19324 
948 3.19409 
950 3.19158 
951 3.19243 
953 3.18993 
954 3.19078 
956 3.18828 
958 3.1858 
960 3.18333 
961 3.18418 
962 3.18503 
963 3.18588 
964 3.18672 
965 3.18756 
966 3.18841 
967 3.18925 
968 3.19008 
969 3.19092 
970 3.19175 
971 3.19258 
972 3.19342 
973 3.19424 
974 3.19507 
975 3.1959 
976 3.19672 
977 3.19754 
978 3.19836 
979 3.19918 
981 3.19674 
982 3.19756 
983 3.19837 
985 3.19594 
988 3.19028 
989 3.1911 
990 3.19192 
992 3.18952 
993 3.19033 
995 3.18794 
996 3.18876 
997 3.18957 
998 3.19038 
999 3.19119 
