1 1.1e-05
2 2.2e-05
3 1.1e-05
4 1.5e-05
5 5.7e-05
6 8.7e-05
7 9.6e-05
8 0.00016
9 0.000216
10 0.000314
11 0.000414
12 0.000527
13 0.00067
14 0.000862
15 0.001092
16 0.001337
17 0.001529
18 0.002007
19 0.002248
20 0.002648
21 0.002881
22 0.003433
23 0.004148
24 0.004336
25 0.004847
26 0.005301
27 0.006379
28 0.007615
29 0.007389
30 0.008726
31 0.009126
32 0.009707
33 0.010475
34 0.011619
35 0.012266
36 0.0142
37 0.014632
38 0.016266
39 0.017872
40 0.019588
41 0.020526
42 0.022291
43 0.02454
44 0.026857
45 0.026514
46 0.030569
47 0.032435
48 0.033871
49 0.03555
50 0.038878
51 0.048376
52 0.0481
53 0.047319
54 0.049817
55 0.053166
56 0.053863
57 0.056583
58 0.061699
59 0.064597
60 0.067097
61 0.071083
62 0.074417
63 0.074723
64 0.081305
65 0.084574
66 0.092367
67 0.092356
68 0.099506
69 0.102899
70 0.107756
71 0.11232
72 0.118441
73 0.123516
74 0.172798
75 0.143866
76 0.152045
77 0.145021
78 0.155183
79 0.159605
80 0.15513
81 0.171717
82 0.195242
83 0.198942
84 0.21093
85 0.200051
86 0.21695
87 0.206624
88 0.213111
89 0.22317
90 0.239296
91 0.308468
92 0.346876
93 0.536833
94 0.434115
95 0.471549
96 0.446774
97 0.468782
98 0.50628
99 0.536331
