0 1 
0.01 0.992001 
0.02 0.984003 
0.03 0.976008 
0.04 0.968016 
0.05 0.960029 
0.06 0.952046 
0.07 0.944069 
0.08 0.936099 
0.09 0.928136 
0.1 0.920181 
0.11 0.912234 
0.12 0.904298 
0.13 0.896371 
0.14 0.888456 
0.15 0.880553 
0.16 0.872663 
0.17 0.864786 
0.18 0.856923 
0.19 0.849075 
0.2 0.841243 
0.21 0.833428 
0.22 0.82563 
0.23 0.817851 
0.24 0.81009 
0.25 0.802348 
0.26 0.794628 
0.27 0.786928 
0.28 0.77925 
0.29 0.771595 
0.3 0.763963 
0.31 0.756356 
0.32 0.748773 
0.33 0.741217 
0.34 0.733686 
0.35 0.726183 
0.36 0.718708 
0.37 0.711261 
0.38 0.703844 
0.39 0.696456 
0.4 0.6891 
0.41 0.681775 
0.42 0.674483 
0.43 0.667223 
0.44 0.659998 
0.45 0.652806 
0.46 0.64565 
0.47 0.63853 
0.48 0.631446 
0.49 0.624399 
0.5 0.617391 
0.51 0.610421 
0.52 0.60349 
0.53 0.5966 
0.54 0.58975 
0.55 0.582941 
0.56 0.576175 
0.57 0.569451 
0.58 0.562771 
0.59 0.556134 
0.6 0.549543 
0.61 0.542996 
0.62 0.536496 
0.63 0.530042 
0.64 0.523636 
0.65 0.517277 
0.66 0.510967 
0.67 0.504707 
0.68 0.498496 
0.69 0.492335 
0.7 0.486225 
0.71 0.480167 
0.72 0.474161 
0.73 0.468208 
0.74 0.462309 
0.75 0.456463 
0.76 0.450672 
0.77 0.444936 
0.78 0.439256 
0.79 0.433632 
0.8 0.428065 
0.81 0.422555 
0.82 0.417103 
0.83 0.41171 
0.84 0.406375 
0.85 0.401101 
0.86 0.395886 
0.87 0.390732 
0.88 0.385638 
0.89 0.380607 
0.9 0.375637 
0.91 0.370731 
0.92 0.365887 
0.93 0.361107 
0.94 0.35639 
0.95 0.351739 
0.96 0.347152 
0.97 0.34263 
0.98 0.338175 
0.99 0.333785 
1 0.329463 
1.01 0.325208 
1.02 0.32102 
1.03 0.3169 
1.04 0.312849 
1.05 0.308866 
1.06 0.304953 
1.07 0.301109 
1.08 0.297335 
1.09 0.293632 
1.1 0.289999 
1.11 0.286437 
1.12 0.282947 
1.13 0.279528 
1.14 0.276182 
1.15 0.272908 
1.16 0.269707 
1.17 0.266578 
1.18 0.263524 
1.19 0.260543 
1.2 0.257636 
1.21 0.254804 
1.22 0.252046 
1.23 0.249363 
1.24 0.246755 
1.25 0.244222 
1.26 0.241766 
1.27 0.239385 
1.28 0.23708 
1.29 0.234851 
1.3 0.232699 
1.31 0.230624 
1.32 0.228626 
1.33 0.226705 
1.34 0.224861 
1.35 0.223095 
1.36 0.221407 
1.37 0.219796 
1.38 0.218264 
1.39 0.21681 
1.4 0.215434 
1.41 0.214137 
1.42 0.212918 
1.43 0.211778 
1.44 0.210717 
1.45 0.209735 
1.46 0.208832 
1.47 0.208008 
1.48 0.207263 
1.49 0.206598 
1.5 0.206012 
1.51 0.205505 
1.52 0.205078 
1.53 0.20473 
1.54 0.204462 
1.55 0.204274 
1.56 0.204165 
1.57 0.204136 
1.58 0.204186 
1.59 0.204317 
1.6 0.204527 
1.61 0.204816 
1.62 0.205185 
1.63 0.205633 
1.64 0.206161 
1.65 0.206769 
1.66 0.207456 
1.67 0.208222 
1.68 0.209067 
1.69 0.209991 
1.7 0.210995 
1.71 0.212077 
1.72 0.213239 
1.73 0.214479 
1.74 0.215797 
1.75 0.217194 
1.76 0.21867 
1.77 0.220223 
1.78 0.221855 
1.79 0.223564 
1.8 0.225351 
1.81 0.227216 
1.82 0.229158 
1.83 0.231177 
1.84 0.233273 
1.85 0.235445 
1.86 0.237695 
1.87 0.24002 
1.88 0.242421 
1.89 0.244899 
1.9 0.247452 
1.91 0.25008 
1.92 0.252783 
1.93 0.255561 
1.94 0.258413 
1.95 0.26134 
1.96 0.264341 
1.97 0.267415 
1.98 0.270563 
1.99 0.273784 
2 0.277077 
2.01 0.280443 
2.02 0.283881 
2.03 0.287391 
2.04 0.290972 
2.05 0.294624 
2.06 0.298346 
2.07 0.302139 
2.08 0.306002 
2.09 0.309934 
2.1 0.313935 
2.11 0.318005 
2.12 0.322143 
2.13 0.32635 
2.14 0.330623 
2.15 0.334964 
2.16 0.339371 
2.17 0.343845 
2.18 0.348384 
2.19 0.352988 
2.2 0.357658 
2.21 0.362391 
2.22 0.367189 
2.23 0.37205 
2.24 0.376973 
2.25 0.38196 
2.26 0.387008 
2.27 0.392118 
2.28 0.397288 
2.29 0.402519 
2.3 0.40781 
2.31 0.41316 
2.32 0.418569 
2.33 0.424037 
2.34 0.429562 
2.35 0.435145 
2.36 0.440784 
2.37 0.446479 
2.38 0.45223 
2.39 0.458036 
2.4 0.463897 
2.41 0.469811 
2.42 0.475778 
2.43 0.481798 
2.44 0.48787 
2.45 0.493994 
2.46 0.500168 
2.47 0.506393 
2.48 0.512667 
2.49 0.518991 
2.5 0.525362 
2.51 0.531781 
2.52 0.538248 
2.53 0.544761 
2.54 0.55132 
2.55 0.557924 
2.56 0.564572 
2.57 0.571264 
2.58 0.578 
2.59 0.584778 
2.6 0.591598 
2.61 0.598459 
2.62 0.60536 
2.63 0.612301 
2.64 0.619282 
2.65 0.626301 
2.66 0.633357 
2.67 0.640451 
2.68 0.647581 
2.69 0.654747 
2.7 0.661948 
2.71 0.669183 
2.72 0.676451 
2.73 0.683753 
2.74 0.691086 
2.75 0.698451 
2.76 0.705847 
2.77 0.713272 
2.78 0.720727 
2.79 0.72821 
2.8 0.735721 
2.81 0.743258 
2.82 0.750822 
2.83 0.758412 
2.84 0.766026 
2.85 0.773664 
2.86 0.781326 
2.87 0.78901 
2.88 0.796715 
2.89 0.804442 
2.9 0.812188 
2.91 0.819955 
2.92 0.82774 
2.93 0.835542 
2.94 0.843362 
2.95 0.851199 
2.96 0.859051 
2.97 0.866917 
2.98 0.874798 
2.99 0.882692 
3 0.890599 
3.01 0.898517 
3.02 0.906446 
3.03 0.914386 
3.04 0.922335 
3.05 0.930292 
3.06 0.938257 
3.07 0.94623 
3.08 0.954208 
3.09 0.962192 
3.1 0.970181 
3.11 0.978174 
3.12 0.98617 
3.13 0.994168 
3.14 1.00217 
3.15 1.01017 
3.16 1.01817 
3.17 1.02617 
3.18 1.03417 
3.19 1.04216 
3.2 1.05016 
3.21 1.05815 
3.22 1.06613 
3.23 1.07411 
3.24 1.08208 
3.25 1.09005 
3.26 1.098 
3.27 1.10595 
3.28 1.11389 
3.29 1.12182 
3.3 1.12974 
3.31 1.13765 
3.32 1.14554 
3.33 1.15342 
3.34 1.16129 
3.35 1.16914 
3.36 1.17698 
3.37 1.1848 
3.38 1.1926 
3.39 1.20039 
3.4 1.20816 
3.41 1.2159 
3.42 1.22363 
3.43 1.23134 
3.44 1.23902 
3.45 1.24669 
3.46 1.25433 
3.47 1.26194 
3.48 1.26953 
3.49 1.2771 
3.5 1.28464 
3.51 1.29215 
3.52 1.29964 
3.53 1.30709 
3.54 1.31452 
3.55 1.32192 
3.56 1.32929 
3.57 1.33662 
3.58 1.34393 
3.59 1.3512 
3.6 1.35844 
3.61 1.36565 
3.62 1.37282 
3.63 1.37995 
3.64 1.38705 
3.65 1.39411 
3.66 1.40114 
3.67 1.40812 
3.68 1.41507 
3.69 1.42198 
3.7 1.42885 
3.71 1.43567 
3.72 1.44246 
3.73 1.4492 
3.74 1.4559 
3.75 1.46256 
3.76 1.46917 
3.77 1.47574 
3.78 1.48227 
3.79 1.48874 
3.8 1.49517 
3.81 1.50156 
3.82 1.50789 
3.83 1.51418 
3.84 1.52041 
3.85 1.5266 
3.86 1.53274 
3.87 1.53883 
3.88 1.54486 
3.89 1.55084 
3.9 1.55677 
3.91 1.56265 
3.92 1.56847 
3.93 1.57424 
3.94 1.57996 
3.95 1.58561 
3.96 1.59122 
3.97 1.59676 
3.98 1.60225 
3.99 1.60768 
4 1.61305 
4.01 1.61837 
4.02 1.62362 
4.03 1.62882 
4.04 1.63395 
4.05 1.63903 
4.06 1.64404 
4.07 1.64899 
4.08 1.65388 
4.09 1.65871 
4.1 1.66347 
4.11 1.66817 
4.12 1.6728 
4.13 1.67738 
4.14 1.68188 
4.15 1.68632 
4.16 1.6907 
4.17 1.69501 
4.18 1.69925 
4.19 1.70342 
4.2 1.70753 
4.21 1.71157 
4.22 1.71554 
4.23 1.71945 
4.24 1.72328 
4.25 1.72704 
4.26 1.73074 
4.27 1.73436 
4.28 1.73792 
4.29 1.7414 
4.3 1.74482 
4.31 1.74816 
4.32 1.75143 
4.33 1.75462 
4.34 1.75775 
4.35 1.7608 
4.36 1.76378 
4.37 1.76669 
4.38 1.76952 
4.39 1.77228 
4.4 1.77496 
4.41 1.77757 
4.42 1.78011 
4.43 1.78257 
4.44 1.78495 
4.45 1.78727 
4.46 1.7895 
4.47 1.79166 
4.48 1.79374 
4.49 1.79575 
4.5 1.79768 
4.51 1.79953 
4.52 1.80131 
4.53 1.80301 
4.54 1.80464 
4.55 1.80618 
4.56 1.80765 
4.57 1.80904 
4.58 1.81036 
4.59 1.81159 
4.6 1.81275 
4.61 1.81383 
4.62 1.81483 
4.63 1.81576 
4.64 1.8166 
4.65 1.81737 
4.66 1.81806 
4.67 1.81867 
4.68 1.8192 
4.69 1.81965 
4.7 1.82003 
4.71 1.82032 
4.72 1.82054 
4.73 1.82068 
4.74 1.82074 
4.75 1.82072 
4.76 1.82062 
4.77 1.82045 
4.78 1.82019 
4.79 1.81986 
4.8 1.81944 
4.81 1.81895 
4.82 1.81838 
4.83 1.81773 
4.84 1.81701 
4.85 1.8162 
4.86 1.81532 
4.87 1.81435 
4.88 1.81331 
4.89 1.8122 
4.9 1.811 
4.91 1.80973 
4.92 1.80837 
4.93 1.80695 
4.94 1.80544 
4.95 1.80385 
4.96 1.80219 
4.97 1.80046 
4.98 1.79864 
4.99 1.79675 
5 1.79478 
5.01 1.79274 
5.02 1.79062 
5.03 1.78842 
5.04 1.78615 
5.05 1.7838 
5.06 1.78138 
5.07 1.77888 
5.08 1.77631 
5.09 1.77367 
5.1 1.77095 
5.11 1.76815 
5.12 1.76528 
5.13 1.76234 
5.14 1.75933 
5.15 1.75624 
5.16 1.75308 
5.17 1.74985 
5.18 1.74654 
5.19 1.74316 
5.2 1.73972 
5.21 1.7362 
5.22 1.73261 
5.23 1.72895 
5.24 1.72522 
5.25 1.72142 
5.26 1.71756 
5.27 1.71362 
5.28 1.70961 
5.29 1.70554 
5.3 1.7014 
5.31 1.69719 
5.32 1.69292 
5.33 1.68858 
5.34 1.68417 
5.35 1.6797 
5.36 1.67516 
5.37 1.67056 
5.38 1.66589 
5.39 1.66116 
5.4 1.65637 
5.41 1.65151 
5.42 1.64659 
5.43 1.64161 
5.44 1.63657 
5.45 1.63146 
5.46 1.6263 
5.47 1.62107 
5.48 1.61579 
5.49 1.61045 
5.5 1.60505 
5.51 1.59959 
5.52 1.59407 
5.53 1.5885 
5.54 1.58287 
5.55 1.57718 
5.56 1.57144 
5.57 1.56565 
5.58 1.5598 
5.59 1.55389 
5.6 1.54794 
5.61 1.54193 
5.62 1.53587 
5.63 1.52976 
5.64 1.5236 
5.65 1.51738 
5.66 1.51112 
5.67 1.50481 
5.68 1.49845 
5.69 1.49205 
5.7 1.48559 
5.71 1.4791 
5.72 1.47255 
5.73 1.46596 
5.74 1.45933 
5.75 1.45265 
5.76 1.44593 
5.77 1.43916 
5.78 1.43236 
5.79 1.42551 
5.8 1.41862 
5.81 1.41169 
5.82 1.40473 
5.83 1.39772 
5.84 1.39068 
5.85 1.3836 
5.86 1.37648 
5.87 1.36933 
5.88 1.36214 
5.89 1.35492 
5.9 1.34766 
5.91 1.34038 
5.92 1.33306 
5.93 1.3257 
5.94 1.31832 
5.95 1.31091 
5.96 1.30346 
5.97 1.29599 
5.98 1.28849 
5.99 1.28097 
6 1.27342 
6.01 1.26584 
6.02 1.25823 
6.03 1.25061 
6.04 1.24295 
6.05 1.23528 
6.06 1.22758 
6.07 1.21987 
6.08 1.21213 
6.09 1.20437 
6.1 1.1966 
6.11 1.1888 
6.12 1.18099 
6.13 1.17316 
6.14 1.16532 
6.15 1.15746 
6.16 1.14958 
6.17 1.14169 
6.18 1.13379 
6.19 1.12588 
6.2 1.11796 
6.21 1.11002 
6.22 1.10208 
6.23 1.09412 
6.24 1.08616 
6.25 1.07819 
6.26 1.07022 
6.27 1.06224 
6.28 1.05425 
6.29 1.04626 
6.3 1.03826 
6.31 1.03027 
6.32 1.02227 
6.33 1.01427 
6.34 1.00627 
6.35 0.998264 
6.36 0.990265 
6.37 0.982268 
6.38 0.974273 
6.39 0.966282 
6.4 0.958295 
6.41 0.950313 
6.42 0.942337 
6.43 0.934368 
6.44 0.926406 
6.45 0.918452 
6.46 0.910508 
6.47 0.902573 
6.48 0.894649 
6.49 0.886736 
6.5 0.878835 
6.51 0.870947 
6.52 0.863073 
6.53 0.855213 
6.54 0.847368 
6.55 0.839539 
6.56 0.831728 
6.57 0.823933 
6.58 0.816157 
6.59 0.8084 
6.6 0.800663 
6.61 0.792946 
6.62 0.785251 
6.63 0.777577 
6.64 0.769927 
6.65 0.7623 
6.66 0.754698 
6.67 0.74712 
6.68 0.739569 
6.69 0.732044 
6.7 0.724546 
6.71 0.717077 
6.72 0.709636 
6.73 0.702225 
6.74 0.694844 
6.75 0.687494 
6.76 0.680176 
6.77 0.67289 
6.78 0.665637 
6.79 0.658419 
6.8 0.651235 
6.81 0.644086 
6.82 0.636973 
6.83 0.629897 
6.84 0.622858 
6.85 0.615858 
6.86 0.608896 
6.87 0.601973 
6.88 0.595091 
6.89 0.58825 
6.9 0.58145 
6.91 0.574692 
6.92 0.567978 
6.93 0.561307 
6.94 0.554679 
6.95 0.548097 
6.96 0.541561 
6.97 0.53507 
6.98 0.528626 
6.99 0.52223 
7 0.515881 
7.01 0.509582 
7.02 0.503331 
7.03 0.497131 
7.04 0.490981 
7.05 0.484882 
7.06 0.478835 
7.07 0.47284 
7.08 0.466898 
7.09 0.46101 
7.1 0.455175 
7.11 0.449396 
7.12 0.443672 
7.13 0.438003 
7.14 0.432391 
7.15 0.426836 
7.16 0.421339 
7.17 0.415899 
7.18 0.410518 
7.19 0.405197 
7.2 0.399935 
7.21 0.394733 
7.22 0.389591 
7.23 0.384511 
7.24 0.379493 
7.25 0.374537 
7.26 0.369643 
7.27 0.364813 
7.28 0.360046 
7.29 0.355344 
7.3 0.350706 
7.31 0.346133 
7.32 0.341625 
7.33 0.337184 
7.34 0.332809 
7.35 0.328501 
7.36 0.32426 
7.37 0.320086 
7.38 0.315981 
7.39 0.311944 
7.4 0.307976 
7.41 0.304078 
7.42 0.300249 
7.43 0.29649 
7.44 0.292802 
7.45 0.289184 
7.46 0.285638 
7.47 0.282163 
7.48 0.278759 
7.49 0.275428 
7.5 0.27217 
7.51 0.268984 
7.52 0.265872 
7.53 0.262833 
7.54 0.259868 
7.55 0.256977 
7.56 0.25416 
7.57 0.251418 
7.58 0.248751 
7.59 0.24616 
7.6 0.243643 
7.61 0.241203 
7.62 0.238838 
7.63 0.236549 
7.64 0.234337 
7.65 0.232202 
7.66 0.230143 
7.67 0.228162 
7.68 0.226257 
7.69 0.22443 
7.7 0.222681 
7.71 0.221009 
7.72 0.219416 
7.73 0.2179 
7.74 0.216463 
7.75 0.215104 
7.76 0.213824 
7.77 0.212622 
7.78 0.211499 
7.79 0.210455 
7.8 0.20949 
7.81 0.208604 
7.82 0.207797 
7.83 0.20707 
7.84 0.206422 
7.85 0.205853 
7.86 0.205363 
7.87 0.204953 
7.88 0.204623 
7.89 0.204372 
7.9 0.204201 
7.91 0.204109 
7.92 0.204097 
7.93 0.204165 
7.94 0.204312 
7.95 0.204538 
7.96 0.204847 
7.97 0.205233 
7.98 0.205699 
7.99 0.206244 
8 0.206869 
8.01 0.207573 
8.02 0.208356 
8.03 0.209218 
8.04 0.21016 
8.05 0.211181 
8.06 0.21228 
8.07 0.213459 
8.08 0.214716 
8.09 0.216051 
8.1 0.217465 
8.11 0.218958 
8.12 0.220528 
8.13 0.222177 
8.14 0.223903 
8.15 0.225707 
8.16 0.227589 
8.17 0.229547 
8.18 0.231583 
8.19 0.233696 
8.2 0.235885 
8.21 0.238151 
8.22 0.240493 
8.23 0.242911 
8.24 0.245405 
8.25 0.247974 
8.26 0.250619 
8.27 0.253338 
8.28 0.256133 
8.29 0.259002 
8.3 0.261945 
8.31 0.264962 
8.32 0.268052 
8.33 0.271216 
8.34 0.274453 
8.35 0.277762 
8.36 0.281144 
8.37 0.284598 
8.38 0.288123 
8.39 0.29172 
8.4 0.295387 
8.41 0.299125 
8.42 0.302933 
8.43 0.306811 
8.44 0.310759 
8.45 0.314775 
8.46 0.31886 
8.47 0.323013 
8.48 0.327234 
8.49 0.331523 
8.5 0.335878 
8.51 0.3403 
8.52 0.344788 
8.53 0.349341 
8.54 0.35396 
8.55 0.358644 
8.56 0.363391 
8.57 0.368203 
8.58 0.373078 
8.59 0.378015 
8.6 0.383015 
8.61 0.388077 
8.62 0.3932 
8.63 0.398384 
8.64 0.403628 
8.65 0.408933 
8.66 0.414296 
8.67 0.419718 
8.68 0.425199 
8.69 0.430737 
8.7 0.436332 
8.71 0.441984 
8.72 0.447692 
8.73 0.453455 
8.74 0.459273 
8.75 0.465145 
8.76 0.471072 
8.77 0.477051 
8.78 0.483082 
8.79 0.489166 
8.8 0.495301 
8.81 0.501487 
8.82 0.507722 
8.83 0.514008 
8.84 0.520342 
8.85 0.526724 
8.86 0.533154 
8.87 0.539631 
8.88 0.546154 
8.89 0.552723 
8.9 0.559337 
8.91 0.565995 
8.92 0.572697 
8.93 0.579442 
8.94 0.58623 
8.95 0.593059 
8.96 0.599929 
8.97 0.60684 
8.98 0.61379 
8.99 0.620779 
9 0.627807 
9.01 0.634872 
9.02 0.641974 
9.03 0.649112 
9.04 0.656286 
9.05 0.663495 
9.06 0.670737 
9.07 0.678013 
9.08 0.685322 
9.09 0.692663 
9.1 0.700035 
9.11 0.707438 
9.12 0.71487 
9.13 0.722331 
9.14 0.729821 
9.15 0.737338 
9.16 0.744882 
9.17 0.752451 
9.18 0.760047 
9.19 0.767667 
9.2 0.77531 
9.21 0.782977 
9.22 0.790666 
9.23 0.798377 
9.24 0.806108 
9.25 0.81386 
9.26 0.82163 
9.27 0.82942 
9.28 0.837226 
9.29 0.84505 
9.3 0.852891 
9.31 0.860746 
9.32 0.868616 
9.33 0.876501 
9.34 0.884398 
9.35 0.892307 
9.36 0.900228 
9.37 0.90816 
9.38 0.916102 
9.39 0.924053 
9.4 0.932013 
9.41 0.93998 
9.42 0.947954 
9.43 0.955935 
9.44 0.96392 
9.45 0.97191 
9.46 0.979904 
9.47 0.987901 
9.48 0.995901 
9.49 1.0039 
9.5 1.0119 
9.51 1.0199 
9.52 1.0279 
9.53 1.0359 
9.54 1.0439 
9.55 1.05189 
9.56 1.05988 
9.57 1.06786 
9.58 1.07584 
9.59 1.08381 
9.6 1.09178 
9.61 1.09973 
9.62 1.10768 
9.63 1.11562 
9.64 1.12354 
9.65 1.13146 
9.66 1.13937 
9.67 1.14726 
9.68 1.15514 
9.69 1.163 
9.7 1.17085 
9.71 1.17868 
9.72 1.1865 
9.73 1.1943 
9.74 1.20208 
9.75 1.20985 
9.76 1.21759 
9.77 1.22531 
9.78 1.23302 
9.79 1.2407 
9.8 1.24836 
9.81 1.25599 
9.82 1.2636 
9.83 1.27119 
9.84 1.27875 
9.85 1.28628 
9.86 1.29379 
9.87 1.30127 
9.88 1.30872 
9.89 1.31614 
9.9 1.32354 
9.91 1.3309 
9.92 1.33823 
9.93 1.34553 
9.94 1.35279 
9.95 1.36002 
9.96 1.36722 
9.97 1.37438 
9.98 1.38151 
9.99 1.3886 
10 1.39566 
10.01 1.40267 
10.02 1.40965 
10.03 1.41659 
10.04 1.42349 
10.05 1.43035 
10.06 1.43717 
10.07 1.44395 
10.08 1.45068 
10.09 1.45737 
10.1 1.46402 
10.11 1.47063 
10.12 1.47718 
10.13 1.4837 
10.14 1.49016 
10.15 1.49658 
10.16 1.50296 
10.17 1.50928 
10.18 1.51556 
10.19 1.52179 
10.2 1.52796 
10.21 1.53409 
10.22 1.54017 
10.23 1.54619 
10.24 1.55216 
10.25 1.55808 
10.26 1.56395 
10.27 1.56976 
10.28 1.57551 
10.29 1.58122 
10.3 1.58686 
10.31 1.59245 
10.32 1.59799 
10.33 1.60346 
10.34 1.60888 
10.35 1.61424 
10.36 1.61954 
10.37 1.62479 
10.38 1.62997 
10.39 1.63509 
10.4 1.64015 
10.41 1.64515 
10.42 1.65009 
10.43 1.65496 
10.44 1.65978 
10.45 1.66453 
10.46 1.66921 
10.47 1.67383 
10.48 1.67839 
10.49 1.68288 
10.5 1.68731 
10.51 1.69167 
10.52 1.69597 
10.53 1.70019 
10.54 1.70435 
10.55 1.70845 
10.56 1.71247 
10.57 1.71643 
10.58 1.72032 
10.59 1.72414 
10.6 1.72789 
10.61 1.73157 
10.62 1.73518 
10.63 1.73872 
10.64 1.74219 
10.65 1.74558 
10.66 1.74891 
10.67 1.75216 
10.68 1.75535 
10.69 1.75846 
10.7 1.76149 
10.71 1.76446 
10.72 1.76735 
10.73 1.77016 
10.74 1.77291 
10.75 1.77557 
10.76 1.77817 
10.77 1.78069 
10.78 1.78313 
10.79 1.7855 
10.8 1.7878 
10.81 1.79001 
10.82 1.79216 
10.83 1.79422 
10.84 1.79621 
10.85 1.79813 
10.86 1.79997 
10.87 1.80173 
10.88 1.80341 
10.89 1.80502 
10.9 1.80655 
10.91 1.808 
10.92 1.80937 
10.93 1.81067 
10.94 1.81189 
10.95 1.81303 
10.96 1.8141 
10.97 1.81508 
10.98 1.81599 
10.99 1.81682 
11 1.81757 
11.01 1.81824 
11.02 1.81883 
11.03 1.81935 
11.04 1.81978 
11.05 1.82014 
11.06 1.82042 
11.07 1.82062 
11.08 1.82074 
11.09 1.82078 
11.1 1.82075 
11.11 1.82063 
11.12 1.82044 
11.13 1.82017 
11.14 1.81981 
11.15 1.81938 
11.16 1.81888 
11.17 1.81829 
11.18 1.81762 
11.19 1.81688 
11.2 1.81606 
11.21 1.81516 
11.22 1.81418 
11.23 1.81312 
11.24 1.81199 
11.25 1.81077 
11.26 1.80948 
11.27 1.80811 
11.28 1.80667 
11.29 1.80514 
11.3 1.80354 
11.31 1.80186 
11.32 1.80011 
11.33 1.79828 
11.34 1.79637 
11.35 1.79439 
11.36 1.79233 
11.37 1.79019 
11.38 1.78798 
11.39 1.78569 
11.4 1.78333 
11.41 1.78089 
11.42 1.77837 
11.43 1.77579 
11.44 1.77312 
11.45 1.77039 
11.46 1.76757 
11.47 1.76469 
11.48 1.76173 
11.49 1.7587 
11.5 1.7556 
11.51 1.75242 
11.52 1.74917 
11.53 1.74585 
11.54 1.74246 
11.55 1.739 
11.56 1.73547 
11.57 1.73186 
11.58 1.72819 
11.59 1.72444 
11.6 1.72063 
11.61 1.71675 
11.62 1.71279 
11.63 1.70877 
11.64 1.70469 
11.65 1.70053 
11.66 1.69631 
11.67 1.69202 
11.68 1.68766 
11.69 1.68324 
11.7 1.67875 
11.71 1.6742 
11.72 1.66959 
11.73 1.6649 
11.74 1.66016 
11.75 1.65535 
11.76 1.65048 
11.77 1.64555 
11.78 1.64055 
11.79 1.6355 
11.8 1.63038 
11.81 1.6252 
11.82 1.61997 
11.83 1.61467 
11.84 1.60931 
11.85 1.6039 
11.86 1.59843 
11.87 1.5929 
11.88 1.58731 
11.89 1.58167 
11.9 1.57597 
11.91 1.57022 
11.92 1.56441 
11.93 1.55855 
11.94 1.55264 
11.95 1.54667 
11.96 1.54065 
11.97 1.53458 
11.98 1.52845 
11.99 1.52228 
12 1.51606 
12.01 1.50979 
12.02 1.50346 
12.03 1.4971 
12.04 1.49068 
12.05 1.48422 
12.06 1.47771 
12.07 1.47115 
12.08 1.46455 
12.09 1.45791 
12.1 1.45122 
12.11 1.44449 
12.12 1.43771 
12.13 1.4309 
12.14 1.42404 
12.15 1.41714 
12.16 1.41021 
12.17 1.40323 
12.18 1.39622 
12.19 1.38917 
12.2 1.38208 
12.21 1.37495 
12.22 1.36779 
12.23 1.3606 
12.24 1.35337 
12.25 1.34611 
12.26 1.33881 
12.27 1.33148 
12.28 1.32412 
12.29 1.31673 
12.3 1.30931 
12.31 1.30186 
12.32 1.29439 
12.33 1.28688 
12.34 1.27935 
12.35 1.27179 
12.36 1.2642 
12.37 1.2566 
12.38 1.24896 
12.39 1.24131 
12.4 1.23363 
12.41 1.22593 
12.42 1.2182 
12.43 1.21046 
12.44 1.2027 
12.45 1.19492 
12.46 1.18712 
12.47 1.1793 
12.48 1.17147 
12.49 1.16362 
12.5 1.15576 
12.51 1.14788 
12.52 1.13999 
12.53 1.13209 
12.54 1.12417 
12.55 1.11624 
12.56 1.10831 
12.57 1.10036 
12.58 1.0924 
12.59 1.08444 
12.6 1.07647 
12.61 1.06849 
12.62 1.06051 
12.63 1.05252 
12.64 1.04453 
12.65 1.03653 
12.66 1.02853 
12.67 1.02053 
12.68 1.01253 
12.69 1.00453 
12.7 0.996531 
12.71 0.988531 
12.72 0.980534 
12.73 0.972539 
12.74 0.964549 
12.75 0.956562 
12.76 0.948581 
12.77 0.940606 
12.78 0.932638 
12.79 0.924678 
12.8 0.916726 
12.81 0.908783 
12.82 0.90085 
12.83 0.892927 
12.84 0.885017 
12.85 0.877118 
12.86 0.869233 
12.87 0.861361 
12.88 0.853504 
12.89 0.845662 
12.9 0.837837 
12.91 0.830028 
12.92 0.822237 
12.93 0.814465 
12.94 0.806712 
12.95 0.798978 
12.96 0.791266 
12.97 0.783575 
12.98 0.775906 
12.99 0.76826 
13 0.760638 
13.01 0.753041 
13.02 0.745469 
13.03 0.737922 
13.04 0.730403 
13.05 0.722911 
13.06 0.715447 
13.07 0.708012 
13.08 0.700607 
13.09 0.693233 
13.1 0.685889 
13.11 0.678578 
13.12 0.671299 
13.13 0.664053 
13.14 0.656841 
13.15 0.649664 
13.16 0.642523 
13.17 0.635418 
13.18 0.628349 
13.19 0.621318 
13.2 0.614326 
13.21 0.607372 
13.22 0.600458 
13.23 0.593584 
13.24 0.586751 
13.25 0.57996 
13.26 0.573212 
13.27 0.566506 
13.28 0.559844 
13.29 0.553226 
13.3 0.546653 
13.31 0.540126 
13.32 0.533645 
13.33 0.527211 
13.34 0.520825 
13.35 0.514487 
13.36 0.508197 
13.37 0.501957 
13.38 0.495767 
13.39 0.489628 
13.4 0.48354 
13.41 0.477504 
13.42 0.47152 
13.43 0.465589 
13.44 0.459712 
13.45 0.45389 
13.46 0.448122 
13.47 0.44241 
13.48 0.436753 
13.49 0.431153 
13.5 0.42561 
13.51 0.420125 
13.52 0.414698 
13.53 0.40933 
13.54 0.40402 
13.55 0.398771 
13.56 0.393582 
13.57 0.388454 
13.58 0.383387 
13.59 0.378381 
13.6 0.373438 
13.61 0.368558 
13.62 0.363741 
13.63 0.358988 
13.64 0.3543 
13.65 0.349675 
13.66 0.345116 
13.67 0.340623 
13.68 0.336196 
13.69 0.331835 
13.7 0.327541 
13.71 0.323314 
13.72 0.319155 
13.73 0.315065 
13.74 0.311043 
13.75 0.307089 
13.76 0.303206 
13.77 0.299392 
13.78 0.295648 
13.79 0.291975 
13.8 0.288372 
13.81 0.284841 
13.82 0.281381 
13.83 0.277993 
13.84 0.274678 
13.85 0.271435 
13.86 0.268265 
13.87 0.265168 
13.88 0.262145 
13.89 0.259196 
13.9 0.256321 
13.91 0.253521 
13.92 0.250795 
13.93 0.248144 
13.94 0.245569 
13.95 0.243069 
13.96 0.240644 
13.97 0.238296 
13.98 0.236024 
13.99 0.233828 
14 0.231709 
14.01 0.229667 
14.02 0.227702 
14.03 0.225814 
14.04 0.224004 
14.05 0.222272 
14.06 0.220617 
14.07 0.21904 
14.08 0.217541 
14.09 0.216121 
14.1 0.214779 
14.11 0.213516 
14.12 0.212331 
14.13 0.211225 
14.14 0.210198 
14.15 0.20925 
14.16 0.208381 
14.17 0.207591 
14.18 0.206881 
14.19 0.20625 
14.2 0.205698 
14.21 0.205226 
14.22 0.204833 
14.23 0.20452 
14.24 0.204286 
14.25 0.204132 
14.26 0.204057 
14.27 0.204062 
14.28 0.204149 
14.29 0.204314 
14.3 0.204558 
14.31 0.204882 
14.32 0.205286 
14.33 0.205769 
14.34 0.206331 
14.35 0.206973 
14.36 0.207694 
14.37 0.208495 
14.38 0.209374 
14.39 0.210333 
14.4 0.211371 
14.41 0.212488 
14.42 0.213683 
14.43 0.214957 
14.44 0.21631 
14.45 0.217741 
14.46 0.219251 
14.47 0.220838 
14.48 0.222504 
14.49 0.224247 
14.5 0.226068 
14.51 0.227966 
14.52 0.229942 
14.53 0.231994 
14.54 0.234124 
14.55 0.23633 
14.56 0.238612 
14.57 0.240971 
14.58 0.243405 
14.59 0.245915 
14.6 0.248501 
14.61 0.251162 
14.62 0.253899 
14.63 0.256709 
14.64 0.259594 
14.65 0.262554 
14.66 0.265587 
14.67 0.268693 
14.68 0.271873 
14.69 0.275126 
14.7 0.278451 
14.71 0.281849 
14.72 0.285318 
14.73 0.288859 
14.74 0.292471 
14.75 0.296154 
14.76 0.299908 
14.77 0.303731 
14.78 0.307624 
14.79 0.311587 
14.8 0.315618 
14.81 0.319718 
14.82 0.323887 
14.83 0.328122 
14.84 0.332426 
14.85 0.336796 
14.86 0.341232 
14.87 0.345735 
14.88 0.350302 
14.89 0.354936 
14.9 0.359633 
14.91 0.364395 
14.92 0.36922 
14.93 0.374109 
14.94 0.379061 
14.95 0.384074 
14.96 0.389149 
14.97 0.394286 
14.98 0.399484 
14.99 0.404741 
15 0.410059 
15.01 0.415435 
15.02 0.420871 
15.03 0.426364 
15.04 0.431915 
15.05 0.437522 
15.06 0.443187 
15.07 0.448907 
15.08 0.454682 
15.09 0.460513 
15.1 0.466397 
15.11 0.472335 
15.12 0.478326 
15.13 0.484369 
15.14 0.490464 
15.15 0.49661 
15.16 0.502807 
15.17 0.509054 
15.18 0.51535 
15.19 0.521695 
15.2 0.528088 
15.21 0.534529 
15.22 0.541016 
15.23 0.54755 
15.24 0.554129 
15.25 0.560753 
15.26 0.567421 
15.27 0.574132 
15.28 0.580887 
15.29 0.587684 
15.3 0.594522 
15.31 0.601402 
15.32 0.608321 
15.33 0.61528 
15.34 0.622278 
15.35 0.629314 
15.36 0.636388 
15.37 0.643498 
15.38 0.650645 
15.39 0.657827 
15.4 0.665043 
15.41 0.672294 
15.42 0.679577 
15.43 0.686894 
15.44 0.694242 
15.45 0.701621 
15.46 0.70903 
15.47 0.716469 
15.48 0.723937 
15.49 0.731433 
15.5 0.738956 
15.51 0.746506 
15.52 0.754082 
15.53 0.761683 
15.54 0.769308 
15.55 0.776958 
15.56 0.78463 
15.57 0.792324 
15.58 0.800039 
15.59 0.807776 
15.6 0.815532 
15.61 0.823307 
15.62 0.8311 
15.63 0.838911 
15.64 0.846739 
15.65 0.854583 
15.66 0.862443 
15.67 0.870316 
15.68 0.878204 
15.69 0.886104 
15.7 0.894017 
15.71 0.90194 
15.72 0.909875 
15.73 0.917819 
15.74 0.925773 
15.75 0.933734 
15.76 0.941704 
15.77 0.94968 
15.78 0.957662 
15.79 0.965649 
15.8 0.973641 
15.81 0.981636 
15.82 0.989634 
15.83 0.997633 
15.84 1.00563 
15.85 1.01364 
15.86 1.02164 
15.87 1.02964 
15.88 1.03764 
15.89 1.04563 
15.9 1.05362 
15.91 1.06161 
15.92 1.06959 
15.93 1.07757 
15.94 1.08554 
15.95 1.0935 
15.96 1.10146 
15.97 1.10941 
15.98 1.11734 
15.99 1.12527 
16 1.13318 
16.01 1.14108 
16.02 1.14897 
16.03 1.15685 
16.04 1.16471 
16.05 1.17256 
16.06 1.18039 
16.07 1.1882 
16.08 1.196 
16.09 1.20378 
16.1 1.21154 
16.11 1.21928 
16.12 1.227 
16.13 1.23469 
16.14 1.24237 
16.15 1.25002 
16.16 1.25765 
16.17 1.26526 
16.18 1.27284 
16.19 1.2804 
16.2 1.28793 
16.21 1.29543 
16.22 1.3029 
16.23 1.31035 
16.24 1.31776 
16.25 1.32515 
16.26 1.3325 
16.27 1.33983 
16.28 1.34712 
16.29 1.35438 
16.3 1.3616 
16.31 1.36879 
16.32 1.37595 
16.33 1.38307 
16.34 1.39015 
16.35 1.3972 
16.36 1.40421 
16.37 1.41118 
16.38 1.41811 
16.39 1.425 
16.4 1.43185 
16.41 1.43866 
16.42 1.44543 
16.43 1.45216 
16.44 1.45884 
16.45 1.46548 
16.46 1.47207 
16.47 1.47862 
16.48 1.48513 
16.49 1.49158 
16.5 1.498 
16.51 1.50436 
16.52 1.51067 
16.53 1.51694 
16.54 1.52316 
16.55 1.52932 
16.56 1.53544 
16.57 1.5415 
16.58 1.54752 
16.59 1.55348 
16.6 1.55938 
16.61 1.56524 
16.62 1.57104 
16.63 1.57678 
16.64 1.58247 
16.65 1.58811 
16.66 1.59369 
16.67 1.59921 
16.68 1.60467 
16.69 1.61008 
16.7 1.61543 
16.71 1.62072 
16.72 1.62595 
16.73 1.63111 
16.74 1.63622 
16.75 1.64127 
16.76 1.64626 
16.77 1.65118 
16.78 1.65605 
16.79 1.66085 
16.8 1.66558 
16.81 1.67025 
16.82 1.67486 
16.83 1.67941 
16.84 1.68388 
16.85 1.6883 
16.86 1.69264 
16.87 1.69692 
16.88 1.70114 
16.89 1.70528 
16.9 1.70936 
16.91 1.71337 
16.92 1.71732 
16.93 1.72119 
16.94 1.72499 
16.95 1.72873 
16.96 1.73239 
16.97 1.73599 
16.98 1.73951 
16.99 1.74297 
17 1.74635 
17.01 1.74966 
17.02 1.7529 
17.03 1.75606 
17.04 1.75916 
17.05 1.76218 
17.06 1.76513 
17.07 1.768 
17.08 1.7708 
17.09 1.77353 
17.1 1.77618 
17.11 1.77876 
17.12 1.78126 
17.13 1.78369 
17.14 1.78605 
17.15 1.78832 
17.16 1.79053 
17.17 1.79265 
17.18 1.7947 
17.19 1.79668 
17.2 1.79857 
17.21 1.8004 
17.22 1.80214 
17.23 1.80381 
17.24 1.8054 
17.25 1.80691 
17.26 1.80835 
17.27 1.8097 
17.28 1.81098 
17.29 1.81219 
17.3 1.81331 
17.31 1.81436 
17.32 1.81533 
17.33 1.81622 
17.34 1.81703 
17.35 1.81776 
17.36 1.81842 
17.37 1.81899 
17.38 1.81949 
17.39 1.81991 
17.4 1.82025 
17.41 1.82051 
17.42 1.8207 
17.43 1.8208 
17.44 1.82083 
17.45 1.82077 
17.46 1.82064 
17.47 1.82043 
17.48 1.82014 
17.49 1.81977 
17.5 1.81932 
17.51 1.8188 
17.52 1.8182 
17.53 1.81751 
17.54 1.81675 
17.55 1.81591 
17.56 1.81499 
17.57 1.814 
17.58 1.81292 
17.59 1.81177 
17.6 1.81054 
17.61 1.80923 
17.62 1.80785 
17.63 1.80639 
17.64 1.80485 
17.65 1.80323 
17.66 1.80153 
17.67 1.79976 
17.68 1.79791 
17.69 1.79599 
17.7 1.79399 
17.71 1.79191 
17.72 1.78976 
17.73 1.78753 
17.74 1.78522 
17.75 1.78284 
17.76 1.78039 
17.77 1.77786 
17.78 1.77526 
17.79 1.77258 
17.8 1.76982 
17.81 1.767 
17.82 1.7641 
17.83 1.76112 
17.84 1.75808 
17.85 1.75496 
17.86 1.75177 
17.87 1.7485 
17.88 1.74517 
17.89 1.74176 
17.9 1.73828 
17.91 1.73473 
17.92 1.73111 
17.93 1.72742 
17.94 1.72366 
17.95 1.71983 
17.96 1.71594 
17.97 1.71197 
17.98 1.70793 
17.99 1.70383 
18 1.69966 
18.01 1.69542 
18.02 1.69112 
18.03 1.68675 
18.04 1.68231 
18.05 1.67781 
18.06 1.67325 
18.07 1.66861 
18.08 1.66392 
18.09 1.65916 
18.1 1.65434 
18.11 1.64945 
18.12 1.64451 
18.13 1.6395 
18.14 1.63443 
18.15 1.6293 
18.16 1.62411 
18.17 1.61886 
18.18 1.61355 
18.19 1.60818 
18.2 1.60275 
18.21 1.59727 
18.22 1.59173 
18.23 1.58613 
18.24 1.58048 
18.25 1.57477 
18.26 1.569 
18.27 1.56318 
18.28 1.55731 
18.29 1.55138 
18.3 1.5454 
18.31 1.53937 
18.32 1.53329 
18.33 1.52715 
18.34 1.52097 
18.35 1.51473 
18.36 1.50845 
18.37 1.50212 
18.38 1.49574 
18.39 1.48931 
18.4 1.48284 
18.41 1.47632 
18.42 1.46975 
18.43 1.46314 
18.44 1.45649 
18.45 1.44979 
18.46 1.44305 
18.47 1.43627 
18.48 1.42944 
18.49 1.42258 
18.5 1.41567 
18.51 1.40872 
18.52 1.40174 
18.53 1.39472 
18.54 1.38766 
18.55 1.38056 
18.56 1.37343 
18.57 1.36626 
18.58 1.35906 
18.59 1.35182 
18.6 1.34455 
18.61 1.33725 
18.62 1.32991 
18.63 1.32254 
18.64 1.31515 
18.65 1.30772 
18.66 1.30027 
18.67 1.29278 
18.68 1.28527 
18.69 1.27773 
18.7 1.27017 
18.71 1.26258 
18.72 1.25496 
18.73 1.24732 
18.74 1.23966 
18.75 1.23198 
18.76 1.22427 
18.77 1.21654 
18.78 1.2088 
18.79 1.20103 
18.8 1.19324 
18.81 1.18544 
18.82 1.17762 
18.83 1.16978 
18.84 1.16193 
18.85 1.15407 
18.86 1.14618 
18.87 1.13829 
18.88 1.13038 
18.89 1.12246 
18.9 1.11453 
18.91 1.10659 
18.92 1.09864 
18.93 1.09069 
18.94 1.08272 
18.95 1.07475 
18.96 1.06677 
18.97 1.05878 
18.98 1.05079 
18.99 1.0428 
19 1.0348 
19.01 1.0268 
19.02 1.0188 
19.03 1.0108 
19.04 1.0028 
19.05 0.994799 
19.06 0.986799 
19.07 0.978802 
19.08 0.970808 
19.09 0.962818 
19.1 0.954832 
19.11 0.946852 
19.12 0.938878 
19.13 0.930911 
19.14 0.922952 
19.15 0.915001 
19.16 0.90706 
19.17 0.899129 
19.18 0.891208 
19.19 0.8833 
19.2 0.875403 
19.21 0.86752 
19.22 0.859651 
19.23 0.851797 
19.24 0.843958 
19.25 0.836136 
19.26 0.828331 
19.27 0.820543 
19.28 0.812774 
19.29 0.805025 
19.3 0.797296 
19.31 0.789587 
19.32 0.7819 
19.33 0.774236 
19.34 0.766595 
19.35 0.758978 
19.36 0.751385 
19.37 0.743818 
19.38 0.736277 
19.39 0.728763 
19.4 0.721277 
19.41 0.713819 
19.42 0.70639 
19.43 0.698991 
19.44 0.691623 
19.45 0.684285 
19.46 0.67698 
19.47 0.669708 
19.48 0.662469 
19.49 0.655265 
19.5 0.648095 
19.51 0.640961 
19.52 0.633863 
19.53 0.626802 
19.54 0.619779 
19.55 0.612794 
19.56 0.605848 
19.57 0.598943 
19.58 0.592077 
19.59 0.585253 
19.6 0.578471 
19.61 0.571731 
19.62 0.565034 
19.63 0.558381 
19.64 0.551773 
19.65 0.545209 
19.66 0.538692 
19.67 0.532221 
19.68 0.525797 
19.69 0.51942 
19.7 0.513092 
19.71 0.506813 
19.72 0.500584 
19.73 0.494404 
19.74 0.488276 
19.75 0.482199 
19.76 0.476173 
19.77 0.470201 
19.78 0.464282 
19.79 0.458416 
19.8 0.452605 
19.81 0.446849 
19.82 0.441148 
19.83 0.435503 
19.84 0.429915 
19.85 0.424385 
19.86 0.418911 
19.87 0.413497 
19.88 0.408141 
19.89 0.402844 
19.9 0.397607 
19.91 0.392431 
19.92 0.387315 
19.93 0.382261 
19.94 0.377268 
19.95 0.372339 
19.96 0.367472 
19.97 0.362668 
19.98 0.357929 
19.99 0.353253 
20 0.348643 
20.01 0.344098 
20.02 0.339619 
20.03 0.335205 
20.04 0.330859 
20.05 0.326579 
20.06 0.322367 
20.07 0.318222 
20.08 0.314146 
20.09 0.310139 
20.1 0.306201 
20.11 0.302332 
20.12 0.298533 
20.13 0.294804 
20.14 0.291146 
20.15 0.287559 
20.16 0.284043 
20.17 0.280599 
20.18 0.277227 
20.19 0.273927 
20.2 0.2707 
20.21 0.267546 
20.22 0.264465 
20.23 0.261458 
20.24 0.258524 
20.25 0.255665 
20.26 0.252881 
20.27 0.250171 
20.28 0.247536 
20.29 0.244977 
20.3 0.242493 
20.31 0.240084 
20.32 0.237752 
20.33 0.235496 
20.34 0.233317 
20.35 0.231214 
20.36 0.229188 
20.37 0.227239 
20.38 0.225368 
20.39 0.223574 
20.4 0.221858 
20.41 0.22022 
20.42 0.21866 
20.43 0.217178 
20.44 0.215775 
20.45 0.21445 
20.46 0.213204 
20.47 0.212036 
20.48 0.210947 
20.49 0.209937 
20.5 0.209006 
20.51 0.208154 
20.52 0.207382 
20.53 0.206689 
20.54 0.206075 
20.55 0.205541 
20.56 0.205086 
20.57 0.20471 
20.58 0.204415 
20.59 0.204198 
20.6 0.204062 
20.61 0.204005 
20.62 0.204027 
20.63 0.20413 
20.64 0.204312 
20.65 0.204573 
20.66 0.204914 
20.67 0.205335 
20.68 0.205835 
20.69 0.206415 
20.7 0.207074 
20.71 0.207812 
20.72 0.208629 
20.73 0.209526 
20.74 0.210502 
20.75 0.211557 
20.76 0.21269 
20.77 0.213902 
20.78 0.215193 
20.79 0.216563 
20.8 0.21801 
20.81 0.219538 
20.82 0.221143 
20.83 0.222825 
20.84 0.224586 
20.85 0.226423 
20.86 0.228339 
20.87 0.230331 
20.88 0.232401 
20.89 0.234547 
20.9 0.23677 
20.91 0.239069 
20.92 0.241444 
20.93 0.243896 
20.94 0.246423 
20.95 0.249025 
20.96 0.251703 
20.97 0.254455 
20.98 0.257282 
20.99 0.260183 
21 0.263159 
21.01 0.266208 
21.02 0.269331 
21.03 0.272526 
21.04 0.275795 
21.05 0.279136 
21.06 0.282549 
21.07 0.286034 
21.08 0.28959 
21.09 0.293218 
21.1 0.296916 
21.11 0.300685 
21.12 0.304524 
21.13 0.308432 
21.14 0.31241 
21.15 0.316456 
21.16 0.320571 
21.17 0.324754 
21.18 0.329005 
21.19 0.333323 
21.2 0.337708 
21.21 0.342159 
21.22 0.346676 
21.23 0.351258 
21.24 0.355906 
21.25 0.360618 
21.26 0.365394 
21.27 0.370234 
21.28 0.375136 
21.29 0.380102 
21.3 0.385129 
21.31 0.390218 
21.32 0.395369 
21.33 0.400579 
21.34 0.40585 
21.35 0.411181 
21.36 0.416571 
21.37 0.422019 
21.38 0.427525 
21.39 0.433088 
21.4 0.438709 
21.41 0.444385 
21.42 0.450118 
21.43 0.455905 
21.44 0.461748 
21.45 0.467644 
21.46 0.473593 
21.47 0.479596 
21.48 0.485651 
21.49 0.491757 
21.5 0.497915 
21.51 0.504123 
21.52 0.510381 
21.53 0.516688 
21.54 0.523044 
21.55 0.529447 
21.56 0.535899 
21.57 0.542396 
21.58 0.54894 
21.59 0.555529 
21.6 0.562163 
21.61 0.568842 
21.62 0.575563 
21.63 0.582327 
21.64 0.589134 
21.65 0.595982 
21.66 0.60287 
21.67 0.609799 
21.68 0.616767 
21.69 0.623774 
21.7 0.630819 
21.71 0.637901 
21.72 0.64502 
21.73 0.652174 
21.74 0.659364 
21.75 0.666588 
21.76 0.673847 
21.77 0.681138 
21.78 0.688461 
21.79 0.695816 
21.8 0.703202 
21.81 0.710619 
21.82 0.718064 
21.83 0.725539 
21.84 0.733041 
21.85 0.74057 
21.86 0.748126 
21.87 0.755708 
21.88 0.763315 
21.89 0.770946 
21.9 0.7786 
21.91 0.786278 
21.92 0.793977 
21.93 0.801698 
21.94 0.809439 
21.95 0.8172 
21.96 0.824979 
21.97 0.832777 
21.98 0.840593 
21.99 0.848425 
22 0.856272 
22.01 0.864135 
22.02 0.872013 
22.03 0.879904 
22.04 0.887807 
22.05 0.895723 
22.06 0.90365 
22.07 0.911587 
22.08 0.919534 
22.09 0.92749 
22.1 0.935454 
22.11 0.943425 
22.12 0.951403 
22.13 0.959387 
22.14 0.967375 
22.15 0.975368 
22.16 0.983364 
22.17 0.991363 
22.18 0.999364 
22.19 1.00737 
22.2 1.01537 
22.21 1.02337 
22.22 1.03137 
22.23 1.03937 
22.24 1.04736 
22.25 1.05535 
22.26 1.06334 
22.27 1.07132 
22.28 1.0793 
22.29 1.08727 
22.3 1.09523 
22.31 1.10318 
22.32 1.11113 
22.33 1.11906 
22.34 1.12699 
22.35 1.1349 
22.36 1.1428 
22.37 1.15069 
22.38 1.15856 
22.39 1.16642 
22.4 1.17426 
22.41 1.18209 
22.42 1.1899 
22.43 1.19769 
22.44 1.20547 
22.45 1.21323 
22.46 1.22096 
22.47 1.22868 
22.48 1.23637 
22.49 1.24404 
22.5 1.25169 
22.51 1.25932 
22.52 1.26692 
22.53 1.27449 
22.54 1.28204 
22.55 1.28957 
22.56 1.29706 
22.57 1.30453 
22.58 1.31197 
22.59 1.31938 
22.6 1.32676 
22.61 1.33411 
22.62 1.34143 
22.63 1.34871 
22.64 1.35597 
22.65 1.36318 
22.66 1.37037 
22.67 1.37752 
22.68 1.38463 
22.69 1.39171 
22.7 1.39874 
22.71 1.40575 
22.72 1.41271 
22.73 1.41963 
22.74 1.42651 
22.75 1.43336 
22.76 1.44016 
22.77 1.44692 
22.78 1.45363 
22.79 1.46031 
22.8 1.46694 
22.81 1.47352 
22.82 1.48006 
22.83 1.48656 
22.84 1.493 
22.85 1.49941 
22.86 1.50576 
22.87 1.51206 
22.88 1.51832 
22.89 1.52452 
22.9 1.53068 
22.91 1.53679 
22.92 1.54284 
22.93 1.54884 
22.94 1.55479 
22.95 1.56069 
22.96 1.56653 
22.97 1.57232 
22.98 1.57805 
22.99 1.58373 
23 1.58936 
23.01 1.59492 
23.02 1.60043 
23.03 1.60588 
23.04 1.61128 
23.05 1.61661 
23.06 1.62189 
23.07 1.62711 
23.08 1.63226 
23.09 1.63736 
23.1 1.64239 
23.11 1.64737 
23.12 1.65228 
23.13 1.65713 
23.14 1.66192 
23.15 1.66664 
23.16 1.6713 
23.17 1.67589 
23.18 1.68042 
23.19 1.68489 
23.2 1.68928 
23.21 1.69362 
23.22 1.69788 
23.23 1.70208 
23.24 1.70622 
23.25 1.71028 
23.26 1.71428 
23.27 1.7182 
23.28 1.72206 
23.29 1.72585 
23.3 1.72957 
23.31 1.73322 
23.32 1.7368 
23.33 1.74031 
23.34 1.74375 
23.35 1.74712 
23.36 1.75041 
23.37 1.75363 
23.38 1.75678 
23.39 1.75986 
23.4 1.76287 
23.41 1.7658 
23.42 1.76866 
23.43 1.77144 
23.44 1.77416 
23.45 1.77679 
23.46 1.77935 
23.47 1.78184 
23.48 1.78425 
23.49 1.78659 
23.5 1.78885 
23.51 1.79104 
23.52 1.79315 
23.53 1.79518 
23.54 1.79714 
23.55 1.79902 
23.56 1.80083 
23.57 1.80256 
23.58 1.80421 
23.59 1.80578 
23.6 1.80728 
23.61 1.8087 
23.62 1.81004 
23.63 1.8113 
23.64 1.81249 
23.65 1.81359 
23.66 1.81462 
23.67 1.81558 
23.68 1.81645 
23.69 1.81724 
23.7 1.81796 
23.71 1.8186 
23.72 1.81916 
23.73 1.81964 
23.74 1.82004 
23.75 1.82036 
23.76 1.82061 
23.77 1.82077 
23.78 1.82086 
23.79 1.82087 
23.8 1.8208 
23.81 1.82065 
23.82 1.82042 
23.83 1.82012 
23.84 1.81973 
23.85 1.81927 
23.86 1.81872 
23.87 1.8181 
23.88 1.8174 
23.89 1.81663 
23.9 1.81577 
23.91 1.81483 
23.92 1.81382 
23.93 1.81273 
23.94 1.81156 
23.95 1.81032 
23.96 1.80899 
23.97 1.80759 
23.98 1.80611 
23.99 1.80455 
24 1.80292 
24.01 1.80121 
24.02 1.79942 
24.03 1.79755 
24.04 1.79561 
24.05 1.79359 
24.06 1.7915 
24.07 1.78933 
24.08 1.78708 
24.09 1.78476 
24.1 1.78237 
24.11 1.7799 
24.12 1.77735 
24.13 1.77473 
24.14 1.77203 
24.15 1.76926 
24.16 1.76642 
24.17 1.7635 
24.18 1.76051 
24.19 1.75745 
24.2 1.75432 
24.21 1.75111 
24.22 1.74783 
24.23 1.74448 
24.24 1.74105 
24.25 1.73756 
24.26 1.734 
24.27 1.73036 
24.28 1.72666 
24.29 1.72288 
24.3 1.71904 
24.31 1.71513 
24.32 1.71114 
24.33 1.70709 
24.34 1.70298 
24.35 1.69879 
24.36 1.69454 
24.37 1.69022 
24.38 1.68584 
24.39 1.68138 
24.4 1.67687 
24.41 1.67229 
24.42 1.66764 
24.43 1.66293 
24.44 1.65816 
24.45 1.65333 
24.46 1.64843 
24.47 1.64347 
24.48 1.63844 
24.49 1.63336 
24.5 1.62822 
24.51 1.62301 
24.52 1.61775 
24.53 1.61243 
24.54 1.60705 
24.55 1.60161 
24.56 1.59611 
24.57 1.59055 
24.58 1.58494 
24.59 1.57928 
24.6 1.57355 
24.61 1.56778 
24.62 1.56195 
24.63 1.55606 
24.64 1.55012 
24.65 1.54413 
24.66 1.53809 
24.67 1.53199 
24.68 1.52585 
24.69 1.51965 
24.7 1.51341 
24.71 1.50711 
24.72 1.50077 
24.73 1.49438 
24.74 1.48794 
24.75 1.48146 
24.76 1.47493 
24.77 1.46835 
24.78 1.46173 
24.79 1.45507 
24.8 1.44836 
24.81 1.44161 
24.82 1.43482 
24.83 1.42798 
24.84 1.42111 
24.85 1.41419 
24.86 1.40724 
24.87 1.40025 
24.88 1.39321 
24.89 1.38615 
24.9 1.37904 
24.91 1.3719 
24.92 1.36472 
24.93 1.35751 
24.94 1.35027 
24.95 1.34299 
24.96 1.33568 
24.97 1.32834 
24.98 1.32096 
24.99 1.31356 
25 1.30613 
25.01 1.29866 
25.02 1.29117 
25.03 1.28365 
25.04 1.27611 
25.05 1.26854 
25.06 1.26094 
25.07 1.25332 
25.08 1.24568 
25.09 1.23801 
25.1 1.23032 
25.11 1.22261 
25.12 1.21488 
25.13 1.20713 
25.14 1.19936 
25.15 1.19157 
25.16 1.18376 
25.17 1.17594 
25.18 1.16809 
25.19 1.16024 
25.2 1.15237 
25.21 1.14448 
25.22 1.13659 
25.23 1.12868 
25.24 1.12075 
25.25 1.11282 
25.26 1.10488 
25.27 1.09693 
25.28 1.08897 
25.29 1.081 
25.3 1.07302 
25.31 1.06504 
25.32 1.05706 
25.33 1.04907 
25.34 1.04107 
25.35 1.03307 
25.36 1.02507 
25.37 1.01707 
25.38 1.00907 
25.39 1.00107 
25.4 0.993066 
25.41 0.985066 
25.42 0.977069 
25.43 0.969076 
25.44 0.961086 
25.45 0.953101 
25.46 0.945121 
25.47 0.937149 
25.48 0.929183 
25.49 0.921225 
25.5 0.913276 
25.51 0.905336 
25.52 0.897407 
25.53 0.889488 
25.54 0.881582 
25.55 0.873688 
25.56 0.865808 
25.57 0.857941 
25.58 0.85009 
25.59 0.842254 
25.6 0.834435 
25.61 0.826633 
25.62 0.818849 
25.63 0.811084 
25.64 0.803338 
25.65 0.795613 
25.66 0.787909 
25.67 0.780227 
25.68 0.772567 
25.69 0.76493 
25.7 0.757318 
25.71 0.749731 
25.72 0.742169 
25.73 0.734633 
25.74 0.727125 
25.75 0.719644 
25.76 0.712192 
25.77 0.704769 
25.78 0.697376 
25.79 0.690014 
25.8 0.682683 
25.81 0.675385 
25.82 0.668119 
25.83 0.660887 
25.84 0.65369 
25.85 0.646527 
25.86 0.639401 
25.87 0.63231 
25.88 0.625257 
25.89 0.618242 
25.9 0.611265 
25.91 0.604328 
25.92 0.59743 
25.93 0.590573 
25.94 0.583758 
25.95 0.576984 
25.96 0.570253 
25.97 0.563565 
25.98 0.556922 
25.99 0.550323 
26 0.543769 
26.01 0.537261 
26.02 0.5308 
26.03 0.524385 
26.04 0.518019 
26.05 0.511701 
26.06 0.505432 
26.07 0.499213 
26.08 0.493045 
26.09 0.486927 
26.1 0.480861 
26.11 0.474847 
26.12 0.468885 
26.13 0.462977 
26.14 0.457123 
26.15 0.451323 
26.16 0.445579 
26.17 0.43989 
26.18 0.434257 
26.19 0.428681 
26.2 0.423163 
26.21 0.417702 
26.22 0.412299 
26.23 0.406956 
26.24 0.401672 
26.25 0.396448 
26.26 0.391284 
26.27 0.386182 
26.28 0.381141 
26.29 0.376162 
26.3 0.371245 
26.31 0.366392 
26.32 0.361602 
26.33 0.356876 
26.34 0.352214 
26.35 0.347617 
26.36 0.343086 
26.37 0.338621 
26.38 0.334222 
26.39 0.329889 
26.4 0.325624 
26.41 0.321426 
26.42 0.317296 
26.43 0.313235 
26.44 0.309242 
26.45 0.305319 
26.46 0.301465 
26.47 0.297681 
26.48 0.293967 
26.49 0.290324 
26.5 0.286752 
26.51 0.283252 
26.52 0.279823 
26.53 0.276466 
26.54 0.273182 
26.55 0.269971 
26.56 0.266832 
26.57 0.263767 
26.58 0.260776 
26.59 0.257858 
26.6 0.255015 
26.61 0.252247 
26.62 0.249553 
26.63 0.246934 
26.64 0.244391 
26.65 0.241923 
26.66 0.239532 
26.67 0.237216 
26.68 0.234976 
26.69 0.232814 
26.7 0.230727 
26.71 0.228718 
26.72 0.226786 
26.73 0.224931 
26.74 0.223154 
26.75 0.221455 
26.76 0.219833 
26.77 0.21829 
26.78 0.216825 
26.79 0.215439 
26.8 0.21413 
26.81 0.212901 
26.82 0.21175 
26.83 0.210678 
26.84 0.209686 
26.85 0.208772 
26.86 0.207937 
26.87 0.207182 
26.88 0.206506 
26.89 0.205909 
26.9 0.205392 
26.91 0.204954 
26.92 0.204596 
26.93 0.204318 
26.94 0.204119 
26.95 0.203999 
26.96 0.20396 
26.97 0.203999 
26.98 0.204119 
26.99 0.204318 
27 0.204597 
27.01 0.204955 
27.02 0.205393 
27.03 0.205911 
27.04 0.206508 
27.05 0.207184 
27.06 0.207939 
27.07 0.208774 
27.08 0.209688 
27.09 0.210681 
27.1 0.211753 
27.11 0.212904 
27.12 0.214133 
27.13 0.215441 
27.14 0.216828 
27.15 0.218293 
27.16 0.219836 
27.17 0.221457 
27.18 0.223156 
27.19 0.224933 
27.2 0.226788 
27.21 0.22872 
27.22 0.230729 
27.23 0.232815 
27.24 0.234978 
27.25 0.237218 
27.26 0.239534 
27.27 0.241926 
27.28 0.244393 
27.29 0.246937 
27.3 0.249556 
27.31 0.25225 
27.32 0.255018 
27.33 0.257862 
27.34 0.260779 
27.35 0.263771 
27.36 0.266836 
27.37 0.269975 
27.38 0.273187 
27.39 0.276471 
27.4 0.279828 
27.41 0.283257 
27.42 0.286758 
27.43 0.29033 
27.44 0.293973 
27.45 0.297687 
27.46 0.301471 
27.47 0.305325 
27.48 0.309249 
27.49 0.313242 
27.5 0.317304 
27.51 0.321433 
27.52 0.325631 
27.53 0.329897 
27.54 0.334229 
27.55 0.338628 
27.56 0.343094 
27.57 0.347625 
27.58 0.352221 
27.59 0.356882 
27.6 0.361608 
27.61 0.366398 
27.62 0.371252 
27.63 0.376169 
27.64 0.381148 
27.65 0.386189 
27.66 0.391292 
27.67 0.396455 
27.68 0.40168 
27.69 0.406964 
27.7 0.412308 
27.71 0.41771 
27.72 0.423171 
27.73 0.42869 
27.74 0.434266 
27.75 0.439899 
27.76 0.445589 
27.77 0.451333 
27.78 0.457133 
27.79 0.462988 
27.8 0.468896 
27.81 0.474858 
27.82 0.480872 
27.83 0.486938 
27.84 0.493057 
27.85 0.499225 
27.86 0.505445 
27.87 0.511714 
27.88 0.518032 
27.89 0.524398 
27.9 0.530813 
27.91 0.537274 
27.92 0.543782 
27.93 0.550336 
27.94 0.556936 
27.95 0.563579 
27.96 0.570267 
27.97 0.576998 
27.98 0.583772 
27.99 0.590587 
28 0.597444 
28.01 0.604341 
28.02 0.611279 
28.03 0.618256 
28.04 0.625272 
28.05 0.632325 
28.06 0.639415 
28.07 0.646542 
28.08 0.653705 
28.09 0.660903 
28.1 0.668135 
28.11 0.675401 
28.12 0.6827 
28.13 0.690031 
28.14 0.697393 
28.15 0.704786 
28.16 0.712209 
28.17 0.719662 
28.18 0.727143 
28.19 0.734652 
28.2 0.742187 
28.21 0.74975 
28.22 0.757337 
28.23 0.76495 
28.24 0.772587 
28.25 0.780247 
28.26 0.787929 
28.27 0.795634 
28.28 0.803359 
28.29 0.811105 
28.3 0.818871 
28.31 0.826655 
28.32 0.834457 
28.33 0.842276 
28.34 0.850112 
28.35 0.857964 
28.36 0.86583 
28.37 0.873711 
28.38 0.881605 
28.39 0.889511 
28.4 0.89743 
28.41 0.905359 
28.42 0.913299 
28.43 0.921248 
28.44 0.929207 
28.45 0.937173 
28.46 0.945146 
28.47 0.953126 
28.48 0.961111 
28.49 0.969101 
28.5 0.977095 
28.51 0.985093 
28.52 0.993092 
28.53 1.00109 
28.54 1.0091 
28.55 1.0171 
28.56 1.0251 
28.57 1.0331 
28.58 1.0411 
28.59 1.04909 
28.6 1.05709 
28.61 1.06507 
28.62 1.07305 
28.63 1.08103 
28.64 1.089 
28.65 1.09696 
28.66 1.10491 
28.67 1.11285 
28.68 1.12079 
28.69 1.12871 
28.7 1.13662 
28.71 1.14452 
28.72 1.1524 
28.73 1.16027 
28.74 1.16813 
28.75 1.17597 
28.76 1.18379 
28.77 1.1916 
28.78 1.19939 
28.79 1.20716 
28.8 1.21491 
28.81 1.22265 
28.82 1.23036 
28.83 1.23805 
28.84 1.24571 
28.85 1.25336 
28.86 1.26098 
28.87 1.26858 
28.88 1.27615 
28.89 1.28369 
28.9 1.29121 
28.91 1.2987 
28.92 1.30616 
28.93 1.3136 
28.94 1.321 
28.95 1.32837 
28.96 1.33572 
28.97 1.34303 
28.98 1.35031 
28.99 1.35755 
29 1.36476 
29.01 1.37194 
29.02 1.37908 
29.03 1.38619 
29.04 1.39325 
29.05 1.40029 
29.06 1.40728 
29.07 1.41423 
29.08 1.42115 
29.09 1.42802 
29.1 1.43486 
29.11 1.44165 
29.12 1.4484 
29.13 1.45511 
29.14 1.46177 
29.15 1.46839 
29.16 1.47497 
29.17 1.4815 
29.18 1.48798 
29.19 1.49442 
29.2 1.50081 
29.21 1.50716 
29.22 1.51345 
29.23 1.5197 
29.24 1.52589 
29.25 1.53204 
29.26 1.53813 
29.27 1.54418 
29.28 1.55017 
29.29 1.55611 
29.3 1.56199 
29.31 1.56782 
29.32 1.5736 
29.33 1.57932 
29.34 1.58499 
29.35 1.5906 
29.36 1.59615 
29.37 1.60165 
29.38 1.60709 
29.39 1.61247 
29.4 1.6178 
29.41 1.62306 
29.42 1.62826 
29.43 1.63341 
29.44 1.63849 
29.45 1.64351 
29.46 1.64847 
29.47 1.65337 
29.48 1.65821 
29.49 1.66298 
29.5 1.66769 
29.51 1.67234 
29.52 1.67692 
29.53 1.68143 
29.54 1.68588 
29.55 1.69027 
29.56 1.69459 
29.57 1.69884 
29.58 1.70302 
29.59 1.70714 
29.6 1.71119 
29.61 1.71517 
29.62 1.71909 
29.63 1.72293 
29.64 1.72671 
29.65 1.73041 
29.66 1.73405 
29.67 1.73761 
29.68 1.74111 
29.69 1.74453 
29.7 1.74788 
29.71 1.75116 
29.72 1.75437 
29.73 1.7575 
29.74 1.76057 
29.75 1.76356 
29.76 1.76647 
29.77 1.76932 
29.78 1.77208 
29.79 1.77478 
29.8 1.7774 
29.81 1.77995 
29.82 1.78242 
29.83 1.78481 
29.84 1.78714 
29.85 1.78938 
29.86 1.79155 
29.87 1.79364 
29.88 1.79566 
29.89 1.7976 
29.9 1.79947 
29.91 1.80126 
29.92 1.80297 
29.93 1.8046 
29.94 1.80616 
29.95 1.80764 
29.96 1.80904 
29.97 1.81036 
29.98 1.81161 
29.99 1.81278 
30 1.81387 
30.01 1.81488 
30.02 1.81582 
30.03 1.81668 
30.04 1.81745 
30.05 1.81815 
30.06 1.81877 
30.07 1.81932 
30.08 1.81978 
30.09 1.82017 
30.1 1.82047 
30.11 1.8207 
30.12 1.82085 
30.13 1.82092 
30.14 1.82091 
30.15 1.82082 
30.16 1.82066 
30.17 1.82041 
30.18 1.82009 
30.19 1.81969 
30.2 1.81921 
30.21 1.81865 
30.22 1.81801 
30.23 1.81729 
30.24 1.8165 
30.25 1.81562 
30.26 1.81467 
30.27 1.81364 
30.28 1.81253 
30.29 1.81135 
30.3 1.81008 
30.31 1.80874 
30.32 1.80732 
30.33 1.80583 
30.34 1.80425 
30.35 1.8026 
30.36 1.80087 
30.37 1.79907 
30.38 1.79719 
30.39 1.79523 
30.4 1.7932 
30.41 1.79108 
30.42 1.7889 
30.43 1.78664 
30.44 1.7843 
30.45 1.78189 
30.46 1.7794 
30.47 1.77684 
30.48 1.7742 
30.49 1.77149 
30.5 1.7687 
30.51 1.76584 
30.52 1.76291 
30.53 1.75991 
30.54 1.75683 
30.55 1.75368 
30.56 1.75045 
30.57 1.74716 
30.58 1.74379 
30.59 1.74035 
30.6 1.73684 
30.61 1.73326 
30.62 1.72961 
30.63 1.72589 
30.64 1.7221 
30.65 1.71824 
30.66 1.71431 
30.67 1.71032 
30.68 1.70625 
30.69 1.70212 
30.7 1.69792 
30.71 1.69365 
30.72 1.68932 
30.73 1.68492 
30.74 1.68046 
30.75 1.67593 
30.76 1.67133 
30.77 1.66667 
30.78 1.66195 
30.79 1.65716 
30.8 1.65231 
30.81 1.6474 
30.82 1.64243 
30.83 1.63739 
30.84 1.63229 
30.85 1.62714 
30.86 1.62192 
30.87 1.61664 
30.88 1.61131 
30.89 1.60591 
30.9 1.60046 
30.91 1.59495 
30.92 1.58938 
30.93 1.58376 
30.94 1.57808 
30.95 1.57235 
30.96 1.56656 
30.97 1.56072 
30.98 1.55482 
30.99 1.54887 
31 1.54286 
31.01 1.53681 
31.02 1.5307 
31.03 1.52455 
31.04 1.51834 
31.05 1.51208 
31.06 1.50578 
31.07 1.49943 
31.08 1.49302 
31.09 1.48658 
31.1 1.48008 
31.11 1.47354 
31.12 1.46695 
31.13 1.46032 
31.14 1.45365 
31.15 1.44693 
31.16 1.44017 
31.17 1.43337 
31.18 1.42653 
31.19 1.41964 
31.2 1.41272 
31.21 1.40576 
31.22 1.39875 
31.23 1.39172 
31.24 1.38464 
31.25 1.37752 
31.26 1.37038 
31.27 1.36319 
31.28 1.35597 
31.29 1.34872 
31.3 1.34143 
31.31 1.33412 
31.32 1.32677 
31.33 1.31939 
31.34 1.31198 
31.35 1.30454 
31.36 1.29707 
31.37 1.28957 
31.38 1.28205 
31.39 1.2745 
31.4 1.26692 
31.41 1.25932 
31.42 1.25169 
31.43 1.24404 
31.44 1.23637 
31.45 1.22867 
31.46 1.22096 
31.47 1.21322 
31.48 1.20546 
31.49 1.19769 
31.5 1.18989 
31.51 1.18208 
31.52 1.17425 
31.53 1.16641 
31.54 1.15855 
31.55 1.15068 
31.56 1.14279 
31.57 1.13489 
31.58 1.12697 
31.59 1.11905 
31.6 1.11111 
31.61 1.10317 
31.62 1.09521 
31.63 1.08725 
31.64 1.07928 
31.65 1.0713 
31.66 1.06332 
31.67 1.05533 
31.68 1.04734 
31.69 1.03935 
31.7 1.03135 
31.71 1.02335 
31.72 1.01534 
31.73 1.00734 
31.74 0.999338 
31.75 0.991337 
31.76 0.983337 
31.77 0.97534 
31.78 0.967347 
31.79 0.959357 
31.8 0.951373 
31.81 0.943395 
31.82 0.935423 
31.83 0.927458 
31.84 0.919501 
31.85 0.911553 
31.86 0.903615 
31.87 0.895688 
31.88 0.887771 
31.89 0.879867 
31.9 0.871975 
31.91 0.864097 
31.92 0.856234 
31.93 0.848385 
31.94 0.840552 
31.95 0.832736 
31.96 0.824938 
31.97 0.817157 
31.98 0.809396 
31.99 0.801654 
32 0.793933 
32.01 0.786233 
32.02 0.778555 
32.03 0.770899 
32.04 0.763267 
32.05 0.75566 
32.06 0.748077 
32.07 0.740521 
32.08 0.73299 
32.09 0.725487 
32.1 0.718012 
32.11 0.710566 
32.12 0.703149 
32.13 0.695762 
32.14 0.688406 
32.15 0.681082 
32.16 0.67379 
32.17 0.666531 
32.18 0.659306 
32.19 0.652116 
32.2 0.64496 
32.21 0.637841 
32.22 0.630758 
32.23 0.623713 
32.24 0.616705 
32.25 0.609736 
32.26 0.602807 
32.27 0.595918 
32.28 0.589069 
32.29 0.582262 
32.3 0.575497 
32.31 0.568775 
32.32 0.562097 
32.33 0.555462 
32.34 0.548872 
32.35 0.542328 
32.36 0.535829 
32.37 0.529378 
32.38 0.522973 
32.39 0.516617 
32.4 0.510309 
32.41 0.504051 
32.42 0.497842 
32.43 0.491684 
32.44 0.485577 
32.45 0.479522 
32.46 0.473518 
32.47 0.467568 
32.48 0.461671 
32.49 0.455828 
32.5 0.45004 
32.51 0.444307 
32.52 0.43863 
32.53 0.433009 
32.54 0.427445 
32.55 0.421939 
32.56 0.41649 
32.57 0.4111 
32.58 0.405769 
32.59 0.400497 
32.6 0.395286 
32.61 0.390135 
32.62 0.385045 
32.63 0.380017 
32.64 0.375051 
32.65 0.370148 
32.66 0.365308 
32.67 0.360531 
32.68 0.355819 
32.69 0.351171 
32.7 0.346588 
32.71 0.342071 
32.72 0.33762 
32.73 0.333235 
32.74 0.328916 
32.75 0.324665 
32.76 0.320482 
32.77 0.316366 
32.78 0.31232 
32.79 0.308342 
32.8 0.304433 
32.81 0.300594 
32.82 0.296825 
32.83 0.293126 
32.84 0.289498 
32.85 0.285941 
32.86 0.282456 
32.87 0.279042 
32.88 0.275701 
32.89 0.272432 
32.9 0.269236 
32.91 0.266114 
32.92 0.263064 
32.93 0.260089 
32.94 0.257187 
32.95 0.25436 
32.96 0.251607 
32.97 0.248929 
32.98 0.246327 
32.99 0.2438 
33 0.241348 
33.01 0.238972 
33.02 0.236673 
33.03 0.23445 
33.04 0.232303 
33.05 0.230233 
33.06 0.228241 
33.07 0.226325 
33.08 0.224487 
33.09 0.222727 
33.1 0.221044 
33.11 0.21944 
33.12 0.217913 
33.13 0.216465 
33.14 0.215095 
33.15 0.213804 
33.16 0.212592 
33.17 0.211458 
33.18 0.210403 
33.19 0.209427 
33.2 0.20853 
33.21 0.207713 
33.22 0.206975 
33.23 0.206316 
33.24 0.205736 
33.25 0.205236 
33.26 0.204815 
33.27 0.204474 
33.28 0.204213 
33.29 0.204031 
33.3 0.203929 
33.31 0.203907 
33.32 0.203964 
33.33 0.204101 
33.34 0.204317 
33.35 0.204613 
33.36 0.204989 
33.37 0.205444 
33.38 0.205978 
33.39 0.206592 
33.4 0.207286 
33.41 0.208058 
33.42 0.20891 
33.43 0.209841 
33.44 0.210851 
33.45 0.21194 
33.46 0.213108 
33.47 0.214354 
33.48 0.215679 
33.49 0.217083 
33.5 0.218564 
33.51 0.220127 
33.52 0.221765 
33.53 0.223482 
33.54 0.225276 
33.55 0.227147 
33.56 0.229096 
33.57 0.231122 
33.58 0.233225 
33.59 0.235405 
33.6 0.237661 
33.61 0.239993 
33.62 0.242402 
33.63 0.244886 
33.64 0.247446 
33.65 0.250081 
33.66 0.252792 
33.67 0.255577 
33.68 0.258436 
33.69 0.26137 
33.7 0.264378 
33.71 0.267459 
33.72 0.270614 
33.73 0.273842 
33.74 0.277142 
33.75 0.280515 
33.76 0.283959 
33.77 0.287476 
33.78 0.291063 
33.79 0.294722 
33.8 0.298451 
33.81 0.302251 
33.82 0.30612 
33.83 0.310059 
33.84 0.314067 
33.85 0.318144 
33.86 0.322289 
33.87 0.326502 
33.88 0.330782 
33.89 0.33513 
33.9 0.339544 
33.91 0.344024 
33.92 0.34857 
33.93 0.353181 
33.94 0.357857 
33.95 0.362597 
33.96 0.367401 
33.97 0.372269 
33.98 0.3772 
33.99 0.382192 
34 0.387247 
34.01 0.392364 
34.02 0.397541 
34.03 0.402778 
34.04 0.408076 
34.05 0.413433 
34.06 0.418848 
34.07 0.424322 
34.08 0.429854 
34.09 0.435443 
34.1 0.441088 
34.11 0.44679 
34.12 0.452547 
34.13 0.458359 
34.14 0.464225 
34.15 0.470145 
34.16 0.476119 
34.17 0.482145 
34.18 0.488223 
34.19 0.494352 
34.2 0.500532 
34.21 0.506763 
34.22 0.513043 
34.23 0.519372 
34.24 0.525749 
34.25 0.532174 
34.26 0.538646 
34.27 0.545165 
34.28 0.551729 
34.29 0.558339 
34.3 0.564993 
34.31 0.571691 
34.32 0.578432 
34.33 0.585215 
34.34 0.59204 
34.35 0.598907 
34.36 0.605814 
34.37 0.61276 
34.38 0.619746 
34.39 0.62677 
34.4 0.633832 
34.41 0.640931 
34.42 0.648066 
34.43 0.655237 
34.44 0.662443 
34.45 0.669683 
34.46 0.676956 
34.47 0.684262 
34.48 0.691601 
34.49 0.69897 
34.5 0.70637 
34.51 0.7138 
34.52 0.721259 
34.53 0.728747 
34.54 0.736262 
34.55 0.743804 
34.56 0.751372 
34.57 0.758965 
34.58 0.766584 
34.59 0.774226 
34.6 0.781891 
34.61 0.789579 
34.62 0.797289 
34.63 0.805019 
34.64 0.81277 
34.65 0.82054 
34.66 0.828329 
34.67 0.836135 
34.68 0.843959 
34.69 0.851799 
34.7 0.859654 
34.71 0.867524 
34.72 0.875408 
34.73 0.883306 
34.74 0.891216 
34.75 0.899137 
34.76 0.90707 
34.77 0.915012 
34.78 0.922964 
34.79 0.930925 
34.8 0.938893 
34.81 0.946868 
34.82 0.95485 
34.83 0.962836 
34.84 0.970828 
34.85 0.978823 
34.86 0.986822 
34.87 0.994823 
34.88 1.00282 
34.89 1.01083 
34.9 1.01883 
34.91 1.02683 
34.92 1.03483 
34.93 1.04283 
34.94 1.05083 
34.95 1.05882 
34.96 1.0668 
34.97 1.07478 
34.98 1.08276 
34.99 1.09072 
35 1.09868 
35.01 1.10663 
35.02 1.11458 
35.03 1.12251 
35.04 1.13043 
35.05 1.13833 
35.06 1.14623 
35.07 1.15411 
35.08 1.16198 
35.09 1.16983 
35.1 1.17767 
35.11 1.18549 
35.12 1.1933 
35.13 1.20108 
35.14 1.20885 
35.15 1.2166 
35.16 1.22433 
35.17 1.23204 
35.18 1.23972 
35.19 1.24738 
35.2 1.25502 
35.21 1.26264 
35.22 1.27023 
35.23 1.2778 
35.24 1.28534 
35.25 1.29285 
35.26 1.30033 
35.27 1.30779 
35.28 1.31522 
35.29 1.32262 
35.3 1.32998 
35.31 1.33732 
35.32 1.34463 
35.33 1.3519 
35.34 1.35914 
35.35 1.36634 
35.36 1.37351 
35.37 1.38064 
35.38 1.38774 
35.39 1.3948 
35.4 1.40183 
35.41 1.40881 
35.42 1.41576 
35.43 1.42266 
35.44 1.42953 
35.45 1.43636 
35.46 1.44314 
35.47 1.44988 
35.48 1.45658 
35.49 1.46324 
35.5 1.46985 
35.51 1.47642 
35.52 1.48294 
35.53 1.48941 
35.54 1.49584 
35.55 1.50222 
35.56 1.50855 
35.57 1.51484 
35.58 1.52107 
35.59 1.52726 
35.6 1.53339 
35.61 1.53948 
35.62 1.54551 
35.63 1.55149 
35.64 1.55742 
35.65 1.56329 
35.66 1.56911 
35.67 1.57488 
35.68 1.58059 
35.69 1.58624 
35.7 1.59184 
35.71 1.59738 
35.72 1.60287 
35.73 1.6083 
35.74 1.61367 
35.75 1.61898 
35.76 1.62423 
35.77 1.62942 
35.78 1.63455 
35.79 1.63962 
35.8 1.64463 
35.81 1.64958 
35.82 1.65446 
35.83 1.65929 
35.84 1.66405 
35.85 1.66874 
35.86 1.67337 
35.87 1.67794 
35.88 1.68244 
35.89 1.68688 
35.9 1.69125 
35.91 1.69556 
35.92 1.69979 
35.93 1.70396 
35.94 1.70807 
35.95 1.7121 
35.96 1.71607 
35.97 1.71997 
35.98 1.7238 
35.99 1.72756 
36 1.73125 
36.01 1.73487 
36.02 1.73842 
36.03 1.7419 
36.04 1.7453 
36.05 1.74864 
36.06 1.7519 
36.07 1.7551 
36.08 1.75822 
36.09 1.76126 
36.1 1.76424 
36.11 1.76714 
36.12 1.76997 
36.13 1.77272 
36.14 1.7754 
36.15 1.778 
36.16 1.78053 
36.17 1.78299 
36.18 1.78537 
36.19 1.78767 
36.2 1.7899 
36.21 1.79206 
36.22 1.79414 
36.23 1.79614 
36.24 1.79806 
36.25 1.79991 
36.26 1.80168 
36.27 1.80338 
36.28 1.805 
36.29 1.80654 
36.3 1.808 
36.31 1.80938 
36.32 1.81069 
36.33 1.81192 
36.34 1.81307 
36.35 1.81415 
36.36 1.81514 
36.37 1.81606 
36.38 1.8169 
36.39 1.81766 
36.4 1.81834 
36.41 1.81895 
36.42 1.81947 
36.43 1.81992 
36.44 1.82029 
36.45 1.82058 
36.46 1.82079 
36.47 1.82092 
36.48 1.82097 
36.49 1.82095 
36.5 1.82084 
36.51 1.82066 
36.52 1.8204 
36.53 1.82006 
36.54 1.81964 
36.55 1.81914 
36.56 1.81856 
36.57 1.81791 
36.58 1.81718 
36.59 1.81636 
36.6 1.81547 
36.61 1.8145 
36.62 1.81346 
36.63 1.81233 
36.64 1.81113 
36.65 1.80985 
36.66 1.80849 
36.67 1.80706 
36.68 1.80554 
36.69 1.80395 
36.7 1.80228 
36.71 1.80054 
36.72 1.79872 
36.73 1.79682 
36.74 1.79484 
36.75 1.79279 
36.76 1.79067 
36.77 1.78846 
36.78 1.78618 
36.79 1.78383 
36.8 1.7814 
36.81 1.7789 
36.82 1.77632 
36.83 1.77367 
36.84 1.77094 
36.85 1.76814 
36.86 1.76526 
36.87 1.76231 
36.88 1.75929 
36.89 1.7562 
36.9 1.75303 
36.91 1.74979 
36.92 1.74648 
36.93 1.7431 
36.94 1.73964 
36.95 1.73612 
36.96 1.73252 
36.97 1.72886 
36.98 1.72512 
36.99 1.72131 
37 1.71744 
37.01 1.7135 
37.02 1.70949 
37.03 1.70541 
37.04 1.70126 
37.05 1.69704 
37.06 1.69276 
37.07 1.68841 
37.08 1.684 
37.09 1.67952 
37.1 1.67498 
37.11 1.67037 
37.12 1.66569 
37.13 1.66096 
37.14 1.65616 
37.15 1.65129 
37.16 1.64637 
37.17 1.64138 
37.18 1.63633 
37.19 1.63122 
37.2 1.62605 
37.21 1.62082 
37.22 1.61553 
37.23 1.61018 
37.24 1.60477 
37.25 1.59931 
37.26 1.59378 
37.27 1.5882 
37.28 1.58257 
37.29 1.57688 
37.3 1.57113 
37.31 1.56533 
37.32 1.55947 
37.33 1.55356 
37.34 1.5476 
37.35 1.54159 
37.36 1.53552 
37.37 1.52941 
37.38 1.52324 
37.39 1.51702 
37.4 1.51075 
37.41 1.50444 
37.42 1.49807 
37.43 1.49166 
37.44 1.4852 
37.45 1.4787 
37.46 1.47215 
37.47 1.46555 
37.48 1.45891 
37.49 1.45223 
37.5 1.4455 
37.51 1.43873 
37.52 1.43192 
37.53 1.42506 
37.54 1.41817 
37.55 1.41124 
37.56 1.40427 
37.57 1.39726 
37.58 1.39021 
37.59 1.38312 
37.6 1.376 
37.61 1.36884 
37.62 1.36165 
37.63 1.35443 
37.64 1.34716 
37.65 1.33987 
37.66 1.33255 
37.67 1.32519 
37.68 1.3178 
37.69 1.31038 
37.7 1.30294 
37.71 1.29546 
37.72 1.28796 
37.73 1.28043 
37.74 1.27287 
37.75 1.26529 
37.76 1.25768 
37.77 1.25005 
37.78 1.24239 
37.79 1.23472 
37.8 1.22702 
37.81 1.2193 
37.82 1.21155 
37.83 1.20379 
37.84 1.19601 
37.85 1.18821 
37.86 1.1804 
37.87 1.17257 
37.88 1.16472 
37.89 1.15685 
37.9 1.14898 
37.91 1.14109 
37.92 1.13318 
37.93 1.12527 
37.94 1.11734 
37.95 1.1094 
37.96 1.10145 
37.97 1.0935 
37.98 1.08553 
37.99 1.07756 
38 1.06958 
38.01 1.0616 
38.02 1.05361 
38.03 1.04561 
38.04 1.03762 
38.05 1.02962 
38.06 1.02161 
38.07 1.01361 
38.08 1.00561 
38.09 0.997605 
38.1 0.989603 
38.11 0.981604 
38.12 0.973607 
38.13 0.965614 
38.14 0.957625 
38.15 0.949642 
38.16 0.941664 
38.17 0.933693 
38.18 0.92573 
38.19 0.917775 
38.2 0.909829 
38.21 0.901892 
38.22 0.893967 
38.23 0.886052 
38.24 0.87815 
38.25 0.870261 
38.26 0.862386 
38.27 0.854525 
38.28 0.846679 
38.29 0.838849 
38.3 0.831037 
38.31 0.823241 
38.32 0.815465 
38.33 0.807707 
38.34 0.799969 
38.35 0.792252 
38.36 0.784556 
38.37 0.776883 
38.38 0.769232 
38.39 0.761605 
38.4 0.754002 
38.41 0.746425 
38.42 0.738873 
38.43 0.731348 
38.44 0.723851 
38.45 0.716381 
38.46 0.708941 
38.47 0.70153 
38.48 0.69415 
38.49 0.6868 
38.5 0.679482 
38.51 0.672197 
38.52 0.664945 
38.53 0.657727 
38.54 0.650544 
38.55 0.643396 
38.56 0.636284 
38.57 0.629209 
38.58 0.622171 
38.59 0.615172 
38.6 0.608211 
38.61 0.60129 
38.62 0.594409 
38.63 0.587569 
38.64 0.580771 
38.65 0.574014 
38.66 0.567301 
38.67 0.560632 
38.68 0.554006 
38.69 0.547426 
38.7 0.540891 
38.71 0.534403 
38.72 0.527961 
38.73 0.521566 
38.74 0.51522 
38.75 0.508923 
38.76 0.502675 
38.77 0.496477 
38.78 0.490329 
38.79 0.484233 
38.8 0.478188 
38.81 0.472196 
38.82 0.466257 
38.83 0.460372 
38.84 0.45454 
38.85 0.448764 
38.86 0.443042 
38.87 0.437377 
38.88 0.431768 
38.89 0.426216 
38.9 0.420722 
38.91 0.415286 
38.92 0.409908 
38.93 0.404589 
38.94 0.399331 
38.95 0.394132 
38.96 0.388994 
38.97 0.383918 
38.98 0.378903 
38.99 0.37395 
39 0.36906 
39.01 0.364234 
39.02 0.35947 
39.03 0.354772 
39.04 0.350137 
39.05 0.345568 
39.06 0.341065 
39.07 0.336628 
39.08 0.332257 
39.09 0.327953 
39.1 0.323716 
39.11 0.319547 
39.12 0.315447 
39.13 0.311414 
39.14 0.307451 
39.15 0.303557 
39.16 0.299733 
39.17 0.295979 
39.18 0.292295 
39.19 0.288683 
39.2 0.285141 
39.21 0.281671 
39.22 0.278273 
39.23 0.274947 
39.24 0.271694 
39.25 0.268514 
39.26 0.265407 
39.27 0.262373 
39.28 0.259413 
39.29 0.256528 
39.3 0.253716 
39.31 0.25098 
39.32 0.248318 
39.33 0.245732 
39.34 0.243221 
39.35 0.240786 
39.36 0.238427 
39.37 0.236144 
39.38 0.233937 
39.39 0.231807 
39.4 0.229754 
39.41 0.227778 
39.42 0.225879 
39.43 0.224058 
39.44 0.222314 
39.45 0.220648 
39.46 0.21906 
39.47 0.21755 
39.48 0.216119 
39.49 0.214766 
39.5 0.213492 
39.51 0.212296 
39.52 0.21118 
39.53 0.210142 
39.54 0.209183 
39.55 0.208303 
39.56 0.207503 
39.57 0.206782 
39.58 0.20614 
39.59 0.205578 
39.6 0.205095 
39.61 0.204691 
39.62 0.204368 
39.63 0.204123 
39.64 0.203959 
39.65 0.203874 
39.66 0.203869 
39.67 0.203943 
39.68 0.204097 
39.69 0.204331 
39.7 0.204644 
39.71 0.205037 
39.72 0.205509 
39.73 0.206061 
39.74 0.206692 
39.75 0.207403 
39.76 0.208193 
39.77 0.209062 
39.78 0.21001 
39.79 0.211038 
39.8 0.212144 
39.81 0.213329 
39.82 0.214592 
39.83 0.215935 
39.84 0.217355 
39.85 0.218854 
39.86 0.220431 
39.87 0.222086 
39.88 0.223819 
39.89 0.22563 
39.9 0.227518 
39.91 0.229484 
39.92 0.231527 
39.93 0.233647 
39.94 0.235843 
39.95 0.238116 
39.96 0.240465 
39.97 0.24289 
39.98 0.245391 
39.99 0.247967 
40 0.250619 
40.01 0.253346 
40.02 0.256147 
40.03 0.259023 
40.04 0.261973 
40.05 0.264997 
40.06 0.268094 
40.07 0.271265 
40.08 0.274509 
40.09 0.277825 
40.1 0.281214 
40.11 0.284674 
40.12 0.288206 
40.13 0.29181 
40.14 0.295484 
40.15 0.299229 
40.16 0.303044 
40.17 0.306929 
40.18 0.310883 
40.19 0.314906 
40.2 0.318997 
40.21 0.323157 
40.22 0.327385 
40.23 0.33168 
40.24 0.336042 
40.25 0.34047 
40.26 0.344965 
40.27 0.349525 
40.28 0.35415 
40.29 0.358839 
40.3 0.363594 
40.31 0.368412 
40.32 0.373293 
40.33 0.378238 
40.34 0.383244 
40.35 0.388313 
40.36 0.393443 
40.37 0.398633 
40.38 0.403884 
40.39 0.409195 
40.4 0.414565 
40.41 0.419994 
40.42 0.42548 
40.43 0.431025 
40.44 0.436626 
40.45 0.442284 
40.46 0.447998 
40.47 0.453768 
40.48 0.459592 
40.49 0.465471 
40.5 0.471403 
40.51 0.477388 
40.52 0.483426 
40.53 0.489515 
40.54 0.495656 
40.55 0.501848 
40.56 0.508089 
40.57 0.514381 
40.58 0.52072 
40.59 0.527108 
40.6 0.533544 
40.61 0.540027 
40.62 0.546555 
40.63 0.55313 
40.64 0.559749 
40.65 0.566413 
40.66 0.57312 
40.67 0.579871 
40.68 0.586664 
40.69 0.593498 
40.7 0.600373 
40.71 0.607289 
40.72 0.614244 
40.73 0.621239 
40.74 0.628272 
40.75 0.635342 
40.76 0.642449 
40.77 0.649593 
40.78 0.656772 
40.79 0.663985 
40.8 0.671233 
40.81 0.678514 
40.82 0.685828 
40.83 0.693173 
40.84 0.70055 
40.85 0.707957 
40.86 0.715394 
40.87 0.72286 
40.88 0.730354 
40.89 0.737875 
40.9 0.745423 
40.91 0.752998 
40.92 0.760597 
40.93 0.768221 
40.94 0.775869 
40.95 0.78354 
40.96 0.791233 
40.97 0.798948 
40.98 0.806683 
40.99 0.814438 
41 0.822213 
41.01 0.830006 
41.02 0.837817 
41.03 0.845644 
41.04 0.853488 
41.05 0.861347 
41.06 0.869221 
41.07 0.877108 
41.08 0.885009 
41.09 0.892921 
41.1 0.900846 
41.11 0.908781 
41.12 0.916726 
41.13 0.92468 
41.14 0.932643 
41.15 0.940613 
41.16 0.94859 
41.17 0.956573 
41.18 0.964562 
41.19 0.972555 
41.2 0.980551 
41.21 0.988551 
41.22 0.996552 
41.23 1.00456 
41.24 1.01256 
41.25 1.02056 
41.26 1.02856 
41.27 1.03656 
41.28 1.04456 
41.29 1.05256 
41.3 1.06055 
41.31 1.06853 
41.32 1.07651 
41.33 1.08449 
41.34 1.09245 
41.35 1.10041 
41.36 1.10836 
41.37 1.1163 
41.38 1.12423 
41.39 1.13215 
41.4 1.14005 
41.41 1.14794 
41.42 1.15582 
41.43 1.16369 
41.44 1.17154 
41.45 1.17938 
41.46 1.18719 
41.47 1.19499 
41.48 1.20278 
41.49 1.21054 
41.5 1.21829 
41.51 1.22601 
41.52 1.23371 
41.53 1.24139 
41.54 1.24905 
41.55 1.25669 
41.56 1.2643 
41.57 1.27189 
41.58 1.27945 
41.59 1.28698 
41.6 1.29449 
41.61 1.30197 
41.62 1.30942 
41.63 1.31684 
41.64 1.32423 
41.65 1.33159 
41.66 1.33892 
41.67 1.34622 
41.68 1.35349 
41.69 1.36072 
41.7 1.36792 
41.71 1.37508 
41.72 1.3822 
41.73 1.38929 
41.74 1.39635 
41.75 1.40336 
41.76 1.41034 
41.77 1.41728 
41.78 1.42418 
41.79 1.43104 
41.8 1.43785 
41.81 1.44463 
41.82 1.45136 
41.83 1.45805 
41.84 1.4647 
41.85 1.4713 
41.86 1.47786 
41.87 1.48437 
41.88 1.49083 
41.89 1.49725 
41.9 1.50362 
41.91 1.50995 
41.92 1.51622 
41.93 1.52245 
41.94 1.52862 
41.95 1.53475 
41.96 1.54082 
41.97 1.54684 
41.98 1.55281 
41.99 1.55873 
42 1.56459 
42.01 1.5704 
42.02 1.57615 
42.03 1.58185 
42.04 1.58749 
42.05 1.59308 
42.06 1.59861 
42.07 1.60409 
42.08 1.6095 
42.09 1.61486 
42.1 1.62016 
42.11 1.62539 
42.12 1.63057 
42.13 1.63569 
42.14 1.64075 
42.15 1.64575 
42.16 1.65068 
42.17 1.65555 
42.18 1.66036 
42.19 1.66511 
42.2 1.66979 
42.21 1.67441 
42.22 1.67896 
42.23 1.68345 
42.24 1.68787 
42.25 1.69223 
42.26 1.69652 
42.27 1.70074 
42.28 1.7049 
42.29 1.70899 
42.3 1.71301 
42.31 1.71696 
42.32 1.72085 
42.33 1.72466 
42.34 1.72841 
42.35 1.73208 
42.36 1.73569 
42.37 1.73922 
42.38 1.74269 
42.39 1.74608 
42.4 1.7494 
42.41 1.75265 
42.42 1.75582 
42.43 1.75893 
42.44 1.76196 
42.45 1.76492 
42.46 1.7678 
42.47 1.77062 
42.48 1.77335 
42.49 1.77602 
42.5 1.77861 
42.51 1.78112 
42.52 1.78356 
42.53 1.78592 
42.54 1.78821 
42.55 1.79042 
42.56 1.79256 
42.57 1.79462 
42.58 1.79661 
42.59 1.79852 
42.6 1.80035 
42.61 1.8021 
42.62 1.80378 
42.63 1.80538 
42.64 1.80691 
42.65 1.80835 
42.66 1.80972 
42.67 1.81101 
42.68 1.81222 
42.69 1.81336 
42.7 1.81442 
42.71 1.8154 
42.72 1.8163 
42.73 1.81712 
42.74 1.81786 
42.75 1.81853 
42.76 1.81912 
42.77 1.81963 
42.78 1.82006 
42.79 1.82041 
42.8 1.82068 
42.81 1.82087 
42.82 1.82099 
42.83 1.82103 
42.84 1.82098 
42.85 1.82086 
42.86 1.82066 
42.87 1.82038 
42.88 1.82002 
42.89 1.81959 
42.9 1.81907 
42.91 1.81848 
42.92 1.81781 
42.93 1.81706 
42.94 1.81623 
42.95 1.81532 
42.96 1.81433 
42.97 1.81327 
42.98 1.81213 
42.99 1.81091 
43 1.80961 
43.01 1.80824 
43.02 1.80678 
43.03 1.80525 
43.04 1.80365 
43.05 1.80196 
43.06 1.8002 
43.07 1.79836 
43.08 1.79645 
43.09 1.79445 
43.1 1.79239 
43.11 1.79024 
43.12 1.78802 
43.13 1.78573 
43.14 1.78336 
43.15 1.78091 
43.16 1.77839 
43.17 1.7758 
43.18 1.77313 
43.19 1.77039 
43.2 1.76757 
43.21 1.76468 
43.22 1.76171 
43.23 1.75868 
43.24 1.75557 
43.25 1.75238 
43.26 1.74913 
43.27 1.7458 
43.28 1.7424 
43.29 1.73893 
43.3 1.73539 
43.31 1.73178 
43.32 1.7281 
43.33 1.72435 
43.34 1.72053 
43.35 1.71664 
43.36 1.71268 
43.37 1.70865 
43.38 1.70456 
43.39 1.7004 
43.4 1.69617 
43.41 1.69187 
43.42 1.68751 
43.43 1.68308 
43.44 1.67859 
43.45 1.67403 
43.46 1.6694 
43.47 1.66472 
43.48 1.65997 
43.49 1.65515 
43.5 1.65027 
43.51 1.64533 
43.52 1.64033 
43.53 1.63527 
43.54 1.63015 
43.55 1.62496 
43.56 1.61972 
43.57 1.61442 
43.58 1.60905 
43.59 1.60363 
43.6 1.59816 
43.61 1.59262 
43.62 1.58703 
43.63 1.58138 
43.64 1.57568 
43.65 1.56992 
43.66 1.56411 
43.67 1.55824 
43.68 1.55232 
43.69 1.54634 
43.7 1.54032 
43.71 1.53424 
43.72 1.52811 
43.73 1.52193 
43.74 1.5157 
43.75 1.50942 
43.76 1.5031 
43.77 1.49672 
43.78 1.4903 
43.79 1.48383 
43.8 1.47732 
43.81 1.47075 
43.82 1.46415 
43.83 1.4575 
43.84 1.4508 
43.85 1.44407 
43.86 1.43729 
43.87 1.43047 
43.88 1.42361 
43.89 1.4167 
43.9 1.40976 
43.91 1.40278 
43.92 1.39576 
43.93 1.38871 
43.94 1.38161 
43.95 1.37448 
43.96 1.36732 
43.97 1.36012 
43.98 1.35288 
43.99 1.34561 
44 1.33831 
44.01 1.33098 
44.02 1.32362 
44.03 1.31622 
44.04 1.3088 
44.05 1.30134 
44.06 1.29386 
44.07 1.28635 
44.08 1.27882 
44.09 1.27125 
44.1 1.26366 
44.11 1.25605 
44.12 1.24841 
44.13 1.24075 
44.14 1.23307 
44.15 1.22536 
44.16 1.21764 
44.17 1.20989 
44.18 1.20213 
44.19 1.19434 
44.2 1.18654 
44.21 1.17872 
44.22 1.17088 
44.23 1.16303 
44.24 1.15516 
44.25 1.14728 
44.26 1.13939 
44.27 1.13148 
44.28 1.12356 
44.29 1.11563 
44.3 1.10769 
44.31 1.09974 
44.32 1.09178 
44.33 1.08381 
44.34 1.07584 
44.35 1.06786 
44.36 1.05987 
44.37 1.05188 
44.38 1.04389 
44.39 1.03589 
44.4 1.02789 
44.41 1.01989 
44.42 1.01188 
44.43 1.00388 
44.44 0.995876 
44.45 0.987874 
44.46 0.979874 
44.47 0.971878 
44.48 0.963885 
44.49 0.955897 
44.5 0.947914 
44.51 0.939937 
44.52 0.931967 
44.53 0.924005 
44.54 0.916051 
44.55 0.908107 
44.56 0.900172 
44.57 0.892248 
44.58 0.884336 
44.59 0.876436 
44.6 0.868549 
44.61 0.860676 
44.62 0.852818 
44.63 0.844975 
44.64 0.837149 
44.65 0.829339 
44.66 0.821547 
44.67 0.813774 
44.68 0.80602 
44.69 0.798286 
44.7 0.790573 
44.71 0.782881 
44.72 0.775212 
44.73 0.767566 
44.74 0.759944 
44.75 0.752346 
44.76 0.744774 
44.77 0.737227 
44.78 0.729708 
44.79 0.722216 
44.8 0.714752 
44.81 0.707317 
44.82 0.699912 
44.83 0.692538 
44.84 0.685195 
44.85 0.677884 
44.86 0.670605 
44.87 0.66336 
44.88 0.656149 
44.89 0.648973 
44.9 0.641832 
44.91 0.634727 
44.92 0.62766 
44.93 0.62063 
44.94 0.613638 
44.95 0.606685 
44.96 0.599772 
44.97 0.5929 
44.98 0.586068 
44.99 0.579279 
45 0.572531 
45.01 0.565827 
45.02 0.559167 
45.03 0.552551 
45.04 0.545979 
45.05 0.539454 
45.06 0.532975 
45.07 0.526543 
45.08 0.520159 
45.09 0.513822 
45.1 0.507535 
45.11 0.501297 
45.12 0.49511 
45.13 0.488973 
45.14 0.482887 
45.15 0.476854 
45.16 0.470872 
45.17 0.464945 
45.18 0.45907 
45.19 0.45325 
45.2 0.447485 
45.21 0.441776 
45.22 0.436122 
45.23 0.430525 
45.24 0.424985 
45.25 0.419503 
45.26 0.414079 
45.27 0.408713 
45.28 0.403407 
45.29 0.398161 
45.3 0.392975 
45.31 0.38785 
45.32 0.382786 
45.33 0.377785 
45.34 0.372845 
45.35 0.367968 
45.36 0.363155 
45.37 0.358406 
45.38 0.353721 
45.39 0.3491 
45.4 0.344545 
45.41 0.340056 
45.42 0.335632 
45.43 0.331276 
45.44 0.326986 
45.45 0.322764 
45.46 0.318609 
45.47 0.314523 
45.48 0.310505 
45.49 0.306557 
45.5 0.302677 
45.51 0.298868 
45.52 0.295129 
45.53 0.29146 
45.54 0.287863 
45.55 0.284336 
45.56 0.280882 
45.57 0.277499 
45.58 0.274189 
45.59 0.270951 
45.6 0.267786 
45.61 0.264695 
45.62 0.261677 
45.63 0.258733 
45.64 0.255863 
45.65 0.253068 
45.66 0.250347 
45.67 0.247701 
45.68 0.245131 
45.69 0.242636 
45.7 0.240217 
45.71 0.237874 
45.72 0.235608 
45.73 0.233417 
45.74 0.231304 
45.75 0.229267 
45.76 0.227307 
45.77 0.225425 
45.78 0.22362 
45.79 0.221893 
45.8 0.220244 
45.81 0.218673 
45.82 0.21718 
45.83 0.215766 
45.84 0.21443 
45.85 0.213173 
45.86 0.211994 
45.87 0.210894 
45.88 0.209873 
45.89 0.208932 
45.9 0.208069 
45.91 0.207286 
45.92 0.206582 
45.93 0.205957 
45.94 0.205412 
45.95 0.204946 
45.96 0.20456 
45.97 0.204253 
45.98 0.204026 
45.99 0.203879 
46 0.203811 
46.01 0.203823 
46.02 0.203915 
46.03 0.204086 
46.04 0.204337 
46.05 0.204667 
46.06 0.205077 
46.07 0.205567 
46.08 0.206136 
46.09 0.206784 
46.1 0.207512 
46.11 0.208319 
46.12 0.209205 
46.13 0.210171 
46.14 0.211215 
46.15 0.212338 
46.16 0.21354 
46.17 0.214821 
46.18 0.21618 
46.19 0.217618 
46.2 0.219133 
46.21 0.220729 
46.22 0.222402 
46.23 0.224152 
46.24 0.22598 
46.25 0.227885 
46.26 0.229868 
46.27 0.231927 
46.28 0.234064 
46.29 0.236277 
46.3 0.238566 
46.31 0.240932 
46.32 0.243374 
46.33 0.245891 
46.34 0.248484 
46.35 0.251152 
46.36 0.253895 
46.37 0.256713 
46.38 0.259605 
46.39 0.262571 
46.4 0.265611 
46.41 0.268724 
46.42 0.271911 
46.43 0.275171 
46.44 0.278503 
46.45 0.281907 
46.46 0.285383 
46.47 0.288931 
46.48 0.29255 
46.49 0.296239 
46.5 0.3 
46.51 0.30383 
46.52 0.30773 
46.53 0.311699 
46.54 0.315737 
46.55 0.319844 
46.56 0.324019 
46.57 0.328262 
46.58 0.332572 
46.59 0.336949 
46.6 0.341392 
46.61 0.345901 
46.62 0.350476 
46.63 0.355116 
46.64 0.35982 
46.65 0.364589 
46.66 0.369421 
46.67 0.374316 
46.68 0.379275 
46.69 0.384295 
46.7 0.389377 
46.71 0.39452 
46.72 0.399724 
46.73 0.404989 
46.74 0.410313 
46.75 0.415696 
46.76 0.421137 
46.77 0.426637 
46.78 0.432194 
46.79 0.437808 
46.8 0.443479 
46.81 0.449205 
46.82 0.454987 
46.83 0.460823 
46.84 0.466713 
46.85 0.472657 
46.86 0.478654 
46.87 0.484703 
46.88 0.490804 
46.89 0.496957 
46.9 0.503159 
46.91 0.509412 
46.92 0.515714 
46.93 0.522065 
46.94 0.528464 
46.95 0.53491 
46.96 0.541403 
46.97 0.547943 
46.98 0.554527 
46.99 0.561157 
47 0.567831 
47.01 0.574548 
47.02 0.581309 
47.03 0.588111 
47.04 0.594955 
47.05 0.60184 
47.06 0.608765 
47.07 0.615729 
47.08 0.622733 
47.09 0.629774 
47.1 0.636853 
47.11 0.643969 
47.12 0.65112 
47.13 0.658307 
47.14 0.665529 
47.15 0.672784 
47.16 0.680073 
47.17 0.687394 
47.18 0.694746 
47.19 0.70213 
47.2 0.709544 
47.21 0.716988 
47.22 0.72446 
47.23 0.73196 
47.24 0.739488 
47.25 0.747042 
47.26 0.754623 
47.27 0.762228 
47.28 0.769857 
47.29 0.777511 
47.3 0.785187 
47.31 0.792885 
47.32 0.800605 
47.33 0.808345 
47.34 0.816105 
47.35 0.823884 
47.36 0.831682 
47.37 0.839497 
47.38 0.847328 
47.39 0.855176 
47.4 0.863039 
47.41 0.870916 
47.42 0.878807 
47.43 0.886711 
47.44 0.894627 
47.45 0.902554 
47.46 0.910492 
47.47 0.91844 
47.48 0.926397 
47.49 0.934362 
47.5 0.942334 
47.51 0.950313 
47.52 0.958298 
47.53 0.966288 
47.54 0.974282 
47.55 0.98228 
47.56 0.99028 
47.57 0.998283 
47.58 1.00629 
47.59 1.01429 
47.6 1.02229 
47.61 1.0303 
47.62 1.0383 
47.63 1.04629 
47.64 1.05429 
47.65 1.06228 
47.66 1.07026 
47.67 1.07824 
47.68 1.08621 
47.69 1.09418 
47.7 1.10214 
47.71 1.11008 
47.72 1.11802 
47.73 1.12595 
47.74 1.13386 
47.75 1.14177 
47.76 1.14966 
47.77 1.15754 
47.78 1.1654 
47.79 1.17325 
47.8 1.18108 
47.81 1.18889 
47.82 1.19669 
47.83 1.20447 
47.84 1.21223 
47.85 1.21997 
47.86 1.22769 
47.87 1.23539 
47.88 1.24307 
47.89 1.25072 
47.9 1.25835 
47.91 1.26596 
47.92 1.27354 
47.93 1.28109 
47.94 1.28862 
47.95 1.29613 
47.96 1.3036 
47.97 1.31105 
47.98 1.31846 
47.99 1.32585 
48 1.3332 
48.01 1.34053 
48.02 1.34782 
48.03 1.35507 
48.04 1.3623 
48.05 1.36949 
48.06 1.37664 
48.07 1.38376 
48.08 1.39085 
48.09 1.39789 
48.1 1.4049 
48.11 1.41187 
48.12 1.4188 
48.13 1.42569 
48.14 1.43254 
48.15 1.43935 
48.16 1.44612 
48.17 1.45284 
48.18 1.45952 
48.19 1.46616 
48.2 1.47275 
48.21 1.4793 
48.22 1.4858 
48.23 1.49226 
48.24 1.49867 
48.25 1.50503 
48.26 1.51134 
48.27 1.5176 
48.28 1.52382 
48.29 1.52998 
48.3 1.5361 
48.31 1.54216 
48.32 1.54817 
48.33 1.55413 
48.34 1.56003 
48.35 1.56588 
48.36 1.57168 
48.37 1.57742 
48.38 1.58311 
48.39 1.58874 
48.4 1.59432 
48.41 1.59984 
48.42 1.6053 
48.43 1.6107 
48.44 1.61605 
48.45 1.62133 
48.46 1.62656 
48.47 1.63172 
48.48 1.63683 
48.49 1.64187 
48.5 1.64686 
48.51 1.65178 
48.52 1.65664 
48.53 1.66143 
48.54 1.66617 
48.55 1.67084 
48.56 1.67544 
48.57 1.67998 
48.58 1.68445 
48.59 1.68886 
48.6 1.6932 
48.61 1.69748 
48.62 1.70169 
48.63 1.70583 
48.64 1.70991 
48.65 1.71391 
48.66 1.71785 
48.67 1.72172 
48.68 1.72552 
48.69 1.72925 
48.7 1.73291 
48.71 1.7365 
48.72 1.74002 
48.73 1.74347 
48.74 1.74685 
48.75 1.75015 
48.76 1.75339 
48.77 1.75655 
48.78 1.75964 
48.79 1.76265 
48.8 1.76559 
48.81 1.76846 
48.82 1.77126 
48.83 1.77398 
48.84 1.77663 
48.85 1.7792 
48.86 1.7817 
48.87 1.78412 
48.88 1.78647 
48.89 1.78874 
48.9 1.79094 
48.91 1.79306 
48.92 1.79511 
48.93 1.79708 
48.94 1.79897 
48.95 1.80078 
48.96 1.80252 
48.97 1.80418 
48.98 1.80577 
48.99 1.80728 
49 1.80871 
49.01 1.81006 
49.02 1.81133 
49.03 1.81253 
49.04 1.81365 
49.05 1.81469 
49.06 1.81565 
49.07 1.81653 
49.08 1.81734 
49.09 1.81807 
49.1 1.81871 
49.11 1.81928 
49.12 1.81978 
49.13 1.82019 
49.14 1.82052 
49.15 1.82078 
49.16 1.82096 
49.17 1.82105 
49.18 1.82107 
49.19 1.82101 
49.2 1.82087 
49.21 1.82066 
49.22 1.82036 
49.23 1.81999 
49.24 1.81953 
49.25 1.819 
49.26 1.81839 
49.27 1.8177 
49.28 1.81693 
49.29 1.81609 
49.3 1.81516 
49.31 1.81416 
49.32 1.81308 
49.33 1.81192 
49.34 1.81068 
49.35 1.80937 
49.36 1.80798 
49.37 1.80651 
49.38 1.80496 
49.39 1.80334 
49.4 1.80164 
49.41 1.79986 
49.42 1.798 
49.43 1.79607 
49.44 1.79406 
49.45 1.79198 
49.46 1.78982 
49.47 1.78758 
49.48 1.78527 
49.49 1.78288 
49.5 1.78042 
49.51 1.77789 
49.52 1.77527 
49.53 1.77259 
49.54 1.76983 
49.55 1.76699 
49.56 1.76409 
49.57 1.76111 
49.58 1.75805 
49.59 1.75493 
49.6 1.75173 
49.61 1.74846 
49.62 1.74511 
49.63 1.7417 
49.64 1.73822 
49.65 1.73466 
49.66 1.73103 
49.67 1.72734 
49.68 1.72357 
49.69 1.71973 
49.7 1.71583 
49.71 1.71186 
49.72 1.70782 
49.73 1.70371 
49.74 1.69953 
49.75 1.69528 
49.76 1.69097 
49.77 1.6866 
49.78 1.68215 
49.79 1.67765 
49.8 1.67307 
49.81 1.66844 
49.82 1.66373 
49.83 1.65897 
49.84 1.65414 
49.85 1.64925 
49.86 1.6443 
49.87 1.63928 
49.88 1.6342 
49.89 1.62907 
49.9 1.62387 
49.91 1.61861 
49.92 1.6133 
49.93 1.60792 
49.94 1.60249 
49.95 1.597 
49.96 1.59145 
49.97 1.58584 
49.98 1.58018 
49.99 1.57447 
50 1.5687 
50.01 1.56287 
50.02 1.55699 
50.03 1.55106 
50.04 1.54507 
50.05 1.53904 
50.06 1.53295 
50.07 1.52681 
50.08 1.52062 
50.09 1.51438 
50.1 1.50809 
50.11 1.50175 
50.12 1.49536 
50.13 1.48893 
50.14 1.48245 
50.15 1.47593 
50.16 1.46936 
50.17 1.46274 
50.18 1.45608 
50.19 1.44938 
50.2 1.44263 
50.21 1.43584 
50.22 1.42901 
50.23 1.42214 
50.24 1.41523 
50.25 1.40828 
50.26 1.40129 
50.27 1.39426 
50.28 1.3872 
50.29 1.38009 
50.3 1.37296 
50.31 1.36578 
50.32 1.35857 
50.33 1.35133 
50.34 1.34406 
50.35 1.33675 
50.36 1.32941 
50.37 1.32204 
50.38 1.31463 
50.39 1.3072 
50.4 1.29974 
50.41 1.29225 
50.42 1.28474 
50.43 1.2772 
50.44 1.26963 
50.45 1.26203 
50.46 1.25441 
50.47 1.24677 
50.48 1.2391 
50.49 1.23142 
50.5 1.22371 
50.51 1.21598 
50.52 1.20822 
50.53 1.20045 
50.54 1.19266 
50.55 1.18486 
50.56 1.17703 
50.57 1.16919 
50.58 1.16134 
50.59 1.15347 
50.6 1.14558 
50.61 1.13768 
50.62 1.12977 
50.63 1.12185 
50.64 1.11392 
50.65 1.10598 
50.66 1.09802 
50.67 1.09006 
50.68 1.08209 
50.69 1.07412 
50.7 1.06613 
50.71 1.05815 
50.72 1.05015 
50.73 1.04216 
50.74 1.03416 
50.75 1.02616 
50.76 1.01815 
50.77 1.01015 
50.78 1.00215 
50.79 0.994142 
50.8 0.986141 
50.81 0.978141 
50.82 0.970145 
50.83 0.962153 
50.84 0.954165 
50.85 0.946183 
50.86 0.938207 
50.87 0.930238 
50.88 0.922277 
50.89 0.914325 
50.9 0.906382 
50.91 0.89845 
50.92 0.890528 
50.93 0.882618 
50.94 0.87472 
50.95 0.866836 
50.96 0.858966 
50.97 0.85111 
50.98 0.843271 
50.99 0.835447 
51 0.827641 
51.01 0.819853 
51.02 0.812083 
51.03 0.804333 
51.04 0.796603 
51.05 0.788894 
51.06 0.781207 
51.07 0.773542 
51.08 0.7659 
51.09 0.758283 
51.1 0.75069 
51.11 0.743123 
51.12 0.735582 
51.13 0.728068 
51.14 0.720582 
51.15 0.713124 
51.16 0.705695 
51.17 0.698296 
51.18 0.690928 
51.19 0.683591 
51.2 0.676287 
51.21 0.669015 
51.22 0.661777 
51.23 0.654573 
51.24 0.647404 
51.25 0.64027 
51.26 0.633174 
51.27 0.626114 
51.28 0.619091 
51.29 0.612108 
51.3 0.605163 
51.31 0.598259 
51.32 0.591394 
51.33 0.584572 
51.34 0.577791 
51.35 0.571052 
51.36 0.564357 
51.37 0.557706 
51.38 0.551099 
51.39 0.544537 
51.4 0.538021 
51.41 0.531552 
51.42 0.52513 
51.43 0.518756 
51.44 0.51243 
51.45 0.506153 
51.46 0.499925 
51.47 0.493748 
51.48 0.487622 
51.49 0.481547 
51.5 0.475525 
51.51 0.469555 
51.52 0.463638 
51.53 0.457775 
51.54 0.451967 
51.55 0.446213 
51.56 0.440516 
51.57 0.434874 
51.58 0.429289 
51.59 0.423761 
51.6 0.418291 
51.61 0.412879 
51.62 0.407527 
51.63 0.402233 
51.64 0.397 
51.65 0.391827 
51.66 0.386715 
51.67 0.381664 
51.68 0.376676 
51.69 0.37175 
51.7 0.366886 
51.71 0.362087 
51.72 0.357351 
51.73 0.352679 
51.74 0.348072 
51.75 0.343531 
51.76 0.339056 
51.77 0.334646 
51.78 0.330304 
51.79 0.326029 
51.8 0.321821 
51.81 0.317681 
51.82 0.313609 
51.83 0.309606 
51.84 0.305672 
51.85 0.301808 
51.86 0.298013 
51.87 0.294289 
51.88 0.290636 
51.89 0.287053 
51.9 0.283542 
51.91 0.280103 
51.92 0.276736 
51.93 0.273441 
51.94 0.270219 
51.95 0.26707 
51.96 0.263994 
51.97 0.260992 
51.98 0.258064 
51.99 0.25521 
52 0.252431 
52.01 0.249726 
52.02 0.247097 
52.03 0.244543 
52.04 0.242064 
52.05 0.239662 
52.06 0.237335 
52.07 0.235085 
52.08 0.232911 
52.09 0.230814 
52.1 0.228794 
52.11 0.226851 
52.12 0.224986 
52.13 0.223198 
52.14 0.221487 
52.15 0.219855 
52.16 0.218301 
52.17 0.216824 
52.18 0.215427 
52.19 0.214108 
52.2 0.212867 
52.21 0.211706 
52.22 0.210623 
52.23 0.209619 
52.24 0.208695 
52.25 0.207849 
52.26 0.207083 
52.27 0.206396 
52.28 0.205788 
52.29 0.20526 
52.3 0.204812 
52.31 0.204443 
52.32 0.204153 
52.33 0.203944 
52.34 0.203814 
52.35 0.203763 
52.36 0.203792 
52.37 0.203901 
52.38 0.20409 
52.39 0.204358 
52.4 0.204706 
52.41 0.205133 
52.42 0.20564 
52.43 0.206226 
52.44 0.206892 
52.45 0.207637 
52.46 0.208461 
52.47 0.209365 
52.48 0.210347 
52.49 0.211409 
52.5 0.212549 
52.51 0.213768 
52.52 0.215066 
52.53 0.216443 
52.54 0.217897 
52.55 0.21943 
52.56 0.221041 
52.57 0.22273 
52.58 0.224497 
52.59 0.226341 
52.6 0.228263 
52.61 0.230263 
52.62 0.232339 
52.63 0.234492 
52.64 0.236722 
52.65 0.239028 
52.66 0.24141 
52.67 0.243869 
52.68 0.246403 
52.69 0.249012 
52.7 0.251696 
52.71 0.254456 
52.72 0.25729 
52.73 0.260198 
52.74 0.26318 
52.75 0.266237 
52.76 0.269366 
52.77 0.272569 
52.78 0.275844 
52.79 0.279192 
52.8 0.282613 
52.81 0.286104 
52.82 0.289668 
52.83 0.293302 
52.84 0.297008 
52.85 0.300783 
52.86 0.304629 
52.87 0.308544 
52.88 0.312529 
52.89 0.316582 
52.9 0.320704 
52.91 0.324894 
52.92 0.329151 
52.93 0.333476 
52.94 0.337867 
52.95 0.342325 
52.96 0.346848 
52.97 0.351437 
52.98 0.356091 
52.99 0.360809 
53 0.365591 
53.01 0.370437 
53.02 0.375347 
53.03 0.380319 
53.04 0.385353 
53.05 0.390448 
53.06 0.395605 
53.07 0.400822 
53.08 0.4061 
53.09 0.411437 
53.1 0.416833 
53.11 0.422288 
53.12 0.4278 
53.13 0.43337 
53.14 0.438997 
53.15 0.44468 
53.16 0.450419 
53.17 0.456212 
53.18 0.462061 
53.19 0.467963 
53.2 0.473919 
53.21 0.479928 
53.22 0.485989 
53.23 0.492102 
53.24 0.498265 
53.25 0.50448 
53.26 0.510743 
53.27 0.517057 
53.28 0.523418 
53.29 0.529828 
53.3 0.536284 
53.31 0.542788 
53.32 0.549337 
53.33 0.555932 
53.34 0.562572 
53.35 0.569255 
53.36 0.575982 
53.37 0.582752 
53.38 0.589564 
53.39 0.596417 
53.4 0.60331 
53.41 0.610244 
53.42 0.617217 
53.43 0.624229 
53.44 0.631279 
53.45 0.638366 
53.46 0.64549 
53.47 0.65265 
53.48 0.659845 
53.49 0.667074 
53.5 0.674337 
53.51 0.681633 
53.52 0.688962 
53.53 0.696322 
53.54 0.703713 
53.55 0.711134 
53.56 0.718584 
53.57 0.726063 
53.58 0.73357 
53.59 0.741104 
53.6 0.748665 
53.61 0.756251 
53.62 0.763862 
53.63 0.771497 
53.64 0.779156 
53.65 0.786838 
53.66 0.794541 
53.67 0.802266 
53.68 0.810011 
53.69 0.817776 
53.7 0.825559 
53.71 0.833361 
53.72 0.84118 
53.73 0.849016 
53.74 0.856867 
53.75 0.864733 
53.76 0.872614 
53.77 0.880508 
53.78 0.888415 
53.79 0.896334 
53.8 0.904264 
53.81 0.912205 
53.82 0.920155 
53.83 0.928114 
53.84 0.93608 
53.85 0.944055 
53.86 0.952035 
53.87 0.960022 
53.88 0.968013 
53.89 0.976009 
53.9 0.984008 
53.91 0.992009 
53.92 1.00001 
53.93 1.00802 
53.94 1.01602 
53.95 1.02403 
53.96 1.03203 
53.97 1.04003 
53.98 1.04803 
53.99 1.05602 
54 1.06401 
54.01 1.07199 
54.02 1.07997 
54.03 1.08794 
54.04 1.09591 
54.05 1.10386 
54.06 1.11181 
54.07 1.11974 
54.08 1.12767 
54.09 1.13558 
54.1 1.14348 
54.11 1.15137 
54.12 1.15925 
54.13 1.16711 
54.14 1.17495 
54.15 1.18278 
54.16 1.19059 
54.17 1.19839 
54.18 1.20616 
54.19 1.21392 
54.2 1.22166 
54.21 1.22937 
54.22 1.23707 
54.23 1.24474 
54.24 1.25239 
54.25 1.26001 
54.26 1.26762 
54.27 1.27519 
54.28 1.28274 
54.29 1.29027 
54.3 1.29776 
54.31 1.30523 
54.32 1.31267 
54.33 1.32008 
54.34 1.32746 
54.35 1.33481 
54.36 1.34213 
54.37 1.34941 
54.38 1.35666 
54.39 1.36388 
54.4 1.37106 
54.41 1.37821 
54.42 1.38532 
54.43 1.3924 
54.44 1.39944 
54.45 1.40644 
54.46 1.4134 
54.47 1.42032 
54.48 1.4272 
54.49 1.43404 
54.5 1.44084 
54.51 1.4476 
54.52 1.45432 
54.53 1.46099 
54.54 1.46762 
54.55 1.4742 
54.56 1.48074 
54.57 1.48723 
54.58 1.49368 
54.59 1.50007 
54.6 1.50643 
54.61 1.51273 
54.62 1.51898 
54.63 1.52519 
54.64 1.53134 
54.65 1.53744 
54.66 1.5435 
54.67 1.54949 
54.68 1.55544 
54.69 1.56134 
54.7 1.56718 
54.71 1.57296 
54.72 1.57869 
54.73 1.58437 
54.74 1.58999 
54.75 1.59555 
54.76 1.60106 
54.77 1.60651 
54.78 1.6119 
54.79 1.61723 
54.8 1.6225 
54.81 1.62772 
54.82 1.63287 
54.83 1.63796 
54.84 1.643 
54.85 1.64797 
54.86 1.65287 
54.87 1.65772 
54.88 1.6625 
54.89 1.66722 
54.9 1.67188 
54.91 1.67647 
54.92 1.68099 
54.93 1.68545 
54.94 1.68985 
54.95 1.69418 
54.96 1.69844 
54.97 1.70263 
54.98 1.70676 
54.99 1.71082 
55 1.71481 
55.01 1.71874 
55.02 1.72259 
55.03 1.72638 
55.04 1.73009 
55.05 1.73374 
55.06 1.73731 
55.07 1.74082 
55.08 1.74425 
55.09 1.74761 
55.1 1.7509 
55.11 1.75412 
55.12 1.75727 
55.13 1.76034 
55.14 1.76334 
55.15 1.76627 
55.16 1.76912 
55.17 1.7719 
55.18 1.77461 
55.19 1.77724 
55.2 1.7798 
55.21 1.78228 
55.22 1.78469 
55.23 1.78702 
55.24 1.78927 
55.25 1.79145 
55.26 1.79356 
55.27 1.79559 
55.28 1.79754 
55.29 1.79942 
55.3 1.80121 
55.31 1.80294 
55.32 1.80458 
55.33 1.80615 
55.34 1.80764 
55.35 1.80905 
55.36 1.81039 
55.37 1.81164 
55.38 1.81282 
55.39 1.81393 
55.4 1.81495 
55.41 1.8159 
55.42 1.81676 
55.43 1.81755 
55.44 1.81826 
55.45 1.81889 
55.46 1.81945 
55.47 1.81992 
55.48 1.82032 
55.49 1.82063 
55.5 1.82087 
55.51 1.82103 
55.52 1.82111 
55.53 1.82112 
55.54 1.82104 
55.55 1.82088 
55.56 1.82065 
55.57 1.82034 
55.58 1.81994 
55.59 1.81947 
55.6 1.81892 
55.61 1.8183 
55.62 1.81759 
55.63 1.81681 
55.64 1.81594 
55.65 1.815 
55.66 1.81398 
55.67 1.81288 
55.68 1.81171 
55.69 1.81045 
55.7 1.80912 
55.71 1.80771 
55.72 1.80623 
55.73 1.80466 
55.74 1.80302 
55.75 1.8013 
55.76 1.79951 
55.77 1.79764 
55.78 1.79569 
55.79 1.79367 
55.8 1.79156 
55.81 1.78939 
55.82 1.78714 
55.83 1.78481 
55.84 1.78241 
55.85 1.77993 
55.86 1.77737 
55.87 1.77475 
55.88 1.77204 
55.89 1.76927 
55.9 1.76642 
55.91 1.76349 
55.92 1.7605 
55.93 1.75743 
55.94 1.75429 
55.95 1.75107 
55.96 1.74779 
55.97 1.74443 
55.98 1.741 
55.99 1.7375 
56 1.73392 
56.01 1.73028 
56.02 1.72657 
56.03 1.72279 
56.04 1.71894 
56.05 1.71502 
56.06 1.71103 
56.07 1.70697 
56.08 1.70285 
56.09 1.69866 
56.1 1.6944 
56.11 1.69007 
56.12 1.68568 
56.13 1.68122 
56.14 1.6767 
56.15 1.67211 
56.16 1.66746 
56.17 1.66275 
56.18 1.65797 
56.19 1.65313 
56.2 1.64822 
56.21 1.64325 
56.22 1.63823 
56.23 1.63314 
56.24 1.62799 
56.25 1.62278 
56.26 1.61751 
56.27 1.61218 
56.28 1.60679 
56.29 1.60134 
56.3 1.59584 
56.31 1.59028 
56.32 1.58466 
56.33 1.57899 
56.34 1.57326 
56.35 1.56748 
56.36 1.56164 
56.37 1.55575 
56.38 1.5498 
56.39 1.5438 
56.4 1.53776 
56.41 1.53165 
56.42 1.5255 
56.43 1.5193 
56.44 1.51305 
56.45 1.50675 
56.46 1.5004 
56.47 1.49401 
56.48 1.48756 
56.49 1.48107 
56.5 1.47454 
56.51 1.46795 
56.52 1.46133 
56.53 1.45466 
56.54 1.44795 
56.55 1.44119 
56.56 1.43439 
56.57 1.42755 
56.58 1.42067 
56.59 1.41375 
56.6 1.40679 
56.61 1.3998 
56.62 1.39276 
56.63 1.38569 
56.64 1.37858 
56.65 1.37143 
56.66 1.36425 
56.67 1.35703 
56.68 1.34978 
56.69 1.3425 
56.7 1.33518 
56.71 1.32784 
56.72 1.32046 
56.73 1.31305 
56.74 1.30561 
56.75 1.29814 
56.76 1.29065 
56.77 1.28313 
56.78 1.27558 
56.79 1.268 
56.8 1.2604 
56.81 1.25278 
56.82 1.24513 
56.83 1.23746 
56.84 1.22976 
56.85 1.22205 
56.86 1.21431 
56.87 1.20656 
56.88 1.19878 
56.89 1.19099 
56.9 1.18318 
56.91 1.17535 
56.92 1.1675 
56.93 1.15965 
56.94 1.15177 
56.95 1.14388 
56.96 1.13598 
56.97 1.12807 
56.98 1.12014 
56.99 1.11221 
57 1.10426 
57.01 1.09631 
57.02 1.08834 
57.03 1.08037 
57.04 1.0724 
57.05 1.06441 
57.06 1.05642 
57.07 1.04843 
57.08 1.04043 
57.09 1.03243 
57.1 1.02443 
57.11 1.01642 
57.12 1.00842 
57.13 1.00041 
57.14 0.992411 
57.15 0.984409 
57.16 0.97641 
57.17 0.968414 
57.18 0.960422 
57.19 0.952435 
57.2 0.944454 
57.21 0.936479 
57.22 0.928511 
57.23 0.920551 
57.24 0.9126 
57.25 0.904659 
57.26 0.896728 
57.27 0.888808 
57.28 0.880901 
57.29 0.873005 
57.3 0.865124 
57.31 0.857256 
57.32 0.849404 
57.33 0.841567 
57.34 0.833747 
57.35 0.825944 
57.36 0.818159 
57.37 0.810393 
57.38 0.802647 
57.39 0.794921 
57.4 0.787216 
57.41 0.779533 
57.42 0.771873 
57.43 0.764236 
57.44 0.756624 
57.45 0.749036 
57.46 0.741474 
57.47 0.733938 
57.48 0.726429 
57.49 0.718949 
57.5 0.711497 
57.51 0.704074 
57.52 0.696681 
57.53 0.689319 
57.54 0.681989 
57.55 0.674691 
57.56 0.667426 
57.57 0.660195 
57.58 0.652998 
57.59 0.645836 
57.6 0.63871 
57.61 0.631621 
57.62 0.624569 
57.63 0.617554 
57.64 0.610579 
57.65 0.603643 
57.66 0.596746 
57.67 0.589891 
57.68 0.583076 
57.69 0.576304 
57.7 0.569575 
57.71 0.562888 
57.72 0.556246 
57.73 0.549649 
57.74 0.543097 
57.75 0.53659 
57.76 0.530131 
57.77 0.523719 
57.78 0.517354 
57.79 0.511038 
57.8 0.504772 
57.81 0.498555 
57.82 0.492388 
57.83 0.486272 
57.84 0.480208 
57.85 0.474197 
57.86 0.468238 
57.87 0.462332 
57.88 0.456481 
57.89 0.450684 
57.9 0.444942 
57.91 0.439256 
57.92 0.433626 
57.93 0.428053 
57.94 0.422537 
57.95 0.417079 
57.96 0.41168 
57.97 0.40634 
57.98 0.401059 
57.99 0.395839 
58 0.390679 
58.01 0.38558 
58.02 0.380542 
58.03 0.375567 
58.04 0.370654 
58.05 0.365804 
58.06 0.361018 
58.07 0.356296 
58.08 0.351639 
58.09 0.347046 
58.1 0.342519 
58.11 0.338057 
58.12 0.333662 
58.13 0.329334 
58.14 0.325073 
58.15 0.320879 
58.16 0.316754 
58.17 0.312696 
58.18 0.308708 
58.19 0.304789 
58.2 0.300939 
58.21 0.29716 
58.22 0.293451 
58.23 0.289812 
58.24 0.286245 
58.25 0.282749 
58.26 0.279324 
58.27 0.275972 
58.28 0.272693 
58.29 0.269486 
58.3 0.266352 
58.31 0.263292 
58.32 0.260306 
58.33 0.257394 
58.34 0.254556 
58.35 0.251793 
58.36 0.249104 
58.37 0.246491 
58.38 0.243953 
58.39 0.241491 
58.4 0.239105 
58.41 0.236795 
58.42 0.234561 
58.43 0.232404 
58.44 0.230324 
58.45 0.22832 
58.46 0.226394 
58.47 0.224545 
58.48 0.222774 
58.49 0.221081 
58.5 0.219466 
58.51 0.217928 
58.52 0.216469 
58.53 0.215089 
58.54 0.213787 
58.55 0.212563 
58.56 0.211418 
58.57 0.210353 
58.58 0.209366 
58.59 0.208458 
58.6 0.20763 
58.61 0.20688 
58.62 0.20621 
58.63 0.20562 
58.64 0.205109 
58.65 0.204677 
58.66 0.204325 
58.67 0.204053 
58.68 0.20386 
58.69 0.203747 
58.7 0.203713 
58.71 0.203761 
58.72 0.203887 
58.73 0.204093 
58.74 0.204378 
58.75 0.204743 
58.76 0.205188 
58.77 0.205712 
58.78 0.206315 
58.79 0.206998 
58.8 0.207761 
58.81 0.208602 
58.82 0.209523 
58.83 0.210523 
58.84 0.211602 
58.85 0.21276 
58.86 0.213996 
58.87 0.215311 
58.88 0.216705 
58.89 0.218177 
58.9 0.219727 
58.91 0.221355 
58.92 0.223062 
58.93 0.224845 
58.94 0.226707 
58.95 0.228646 
58.96 0.230662 
58.97 0.232755 
58.98 0.234925 
58.99 0.237171 
59 0.239494 
59.01 0.241892 
59.02 0.244367 
59.03 0.246917 
59.04 0.249543 
59.05 0.252244 
59.06 0.255019 
59.07 0.25787 
59.08 0.260794 
59.09 0.263793 
59.1 0.266865 
59.11 0.270011 
59.12 0.273229 
59.13 0.276521 
59.14 0.279884 
59.15 0.28332 
59.16 0.286828 
59.17 0.290407 
59.18 0.294057 
59.19 0.297778 
59.2 0.301569 
59.21 0.30543 
59.22 0.309361 
59.23 0.313361 
59.24 0.317429 
59.25 0.321566 
59.26 0.325771 
59.27 0.330043 
59.28 0.334383 
59.29 0.338789 
59.3 0.343261 
59.31 0.347799 
59.32 0.352403 
59.33 0.357071 
59.34 0.361804 
59.35 0.3666 
59.36 0.37146 
59.37 0.376383 
59.38 0.381369 
59.39 0.386416 
59.4 0.391526 
59.41 0.396696 
59.42 0.401927 
59.43 0.407217 
59.44 0.412567 
59.45 0.417976 
59.46 0.423444 
59.47 0.428969 
59.48 0.434552 
59.49 0.440191 
59.5 0.445886 
59.51 0.451638 
59.52 0.457444 
59.53 0.463304 
59.54 0.469219 
59.55 0.475186 
59.56 0.481207 
59.57 0.48728 
59.58 0.493404 
59.59 0.499579 
59.6 0.505804 
59.61 0.512079 
59.62 0.518403 
59.63 0.524775 
59.64 0.531195 
59.65 0.537663 
59.66 0.544177 
59.67 0.550736 
59.68 0.557341 
59.69 0.563991 
59.7 0.570684 
59.71 0.577421 
59.72 0.5842 
59.73 0.591022 
59.74 0.597884 
59.75 0.604787 
59.76 0.61173 
59.77 0.618712 
59.78 0.625732 
59.79 0.632791 
59.8 0.639887 
59.81 0.647019 
59.82 0.654186 
59.83 0.661389 
59.84 0.668626 
59.85 0.675897 
59.86 0.683201 
59.87 0.690536 
59.88 0.697903 
59.89 0.705301 
59.9 0.712729 
59.91 0.720186 
59.92 0.727672 
59.93 0.735185 
59.94 0.742725 
59.95 0.750292 
59.96 0.757884 
59.97 0.765501 
59.98 0.773142 
59.99 0.780806 
60 0.788493 
60.01 0.796201 
60.02 0.803931 
60.03 0.81168 
60.04 0.81945 
60.05 0.827238 
60.06 0.835044 
60.07 0.842867 
60.08 0.850706 
60.09 0.858562 
60.1 0.866432 
60.11 0.874316 
60.12 0.882213 
60.13 0.890123 
60.14 0.898045 
60.15 0.905978 
60.16 0.913921 
60.17 0.921873 
60.18 0.929834 
60.19 0.937804 
60.2 0.94578 
60.21 0.953762 
60.22 0.96175 
60.23 0.969743 
60.24 0.97774 
60.25 0.98574 
60.26 0.993742 
60.27 1.00175 
60.28 1.00975 
60.29 1.01776 
60.3 1.02576 
60.31 1.03376 
60.32 1.04176 
60.33 1.04976 
60.34 1.05775 
60.35 1.06574 
60.36 1.07373 
60.37 1.0817 
60.38 1.08967 
60.39 1.09763 
60.4 1.10559 
60.41 1.11353 
60.42 1.12147 
60.43 1.12939 
60.44 1.1373 
60.45 1.1452 
60.46 1.15309 
60.47 1.16096 
60.48 1.16882 
60.49 1.17666 
60.5 1.18448 
60.51 1.19229 
60.52 1.20008 
60.53 1.20786 
60.54 1.21561 
60.55 1.22334 
60.56 1.23105 
60.57 1.23874 
60.58 1.24641 
60.59 1.25406 
60.6 1.26168 
60.61 1.26927 
60.62 1.27684 
60.63 1.28439 
60.64 1.29191 
60.65 1.2994 
60.66 1.30686 
60.67 1.31429 
60.68 1.3217 
60.69 1.32907 
60.7 1.33641 
60.71 1.34372 
60.72 1.351 
60.73 1.35825 
60.74 1.36546 
60.75 1.37263 
60.76 1.37977 
60.77 1.38688 
60.78 1.39395 
60.79 1.40098 
60.8 1.40797 
60.81 1.41492 
60.82 1.42184 
60.83 1.42871 
60.84 1.43554 
60.85 1.44233 
60.86 1.44908 
60.87 1.45579 
60.88 1.46245 
60.89 1.46907 
60.9 1.47564 
60.91 1.48217 
60.92 1.48866 
60.93 1.49509 
60.94 1.50148 
60.95 1.50782 
60.96 1.51411 
60.97 1.52036 
60.98 1.52655 
60.99 1.53269 
61 1.53879 
61.01 1.54483 
61.02 1.55082 
61.03 1.55675 
61.04 1.56263 
61.05 1.56846 
61.06 1.57424 
61.07 1.57996 
61.08 1.58562 
61.09 1.59123 
61.1 1.59678 
61.11 1.60228 
61.12 1.60771 
61.13 1.61309 
61.14 1.61841 
61.15 1.62367 
61.16 1.62887 
61.17 1.63401 
61.18 1.63909 
61.19 1.64411 
61.2 1.64907 
61.21 1.65396 
61.22 1.65879 
61.23 1.66356 
61.24 1.66827 
61.25 1.67291 
61.26 1.67749 
61.27 1.682 
61.28 1.68645 
61.29 1.69083 
61.3 1.69514 
61.31 1.69939 
61.32 1.70357 
61.33 1.70768 
61.34 1.71173 
61.35 1.71571 
61.36 1.71962 
61.37 1.72345 
61.38 1.72723 
61.39 1.73093 
61.4 1.73456 
61.41 1.73812 
61.42 1.74161 
61.43 1.74502 
61.44 1.74837 
61.45 1.75165 
61.46 1.75485 
61.47 1.75798 
61.48 1.76104 
61.49 1.76402 
61.5 1.76693 
61.51 1.76977 
61.52 1.77253 
61.53 1.77522 
61.54 1.77784 
61.55 1.78038 
61.56 1.78285 
61.57 1.78524 
61.58 1.78755 
61.59 1.78979 
61.6 1.79196 
61.61 1.79405 
61.62 1.79606 
61.63 1.79799 
61.64 1.79985 
61.65 1.80163 
61.66 1.80334 
61.67 1.80497 
61.68 1.80652 
61.69 1.80799 
61.7 1.80939 
61.71 1.81071 
61.72 1.81195 
61.73 1.81311 
61.74 1.8142 
61.75 1.8152 
61.76 1.81613 
61.77 1.81698 
61.78 1.81775 
61.79 1.81845 
61.8 1.81906 
61.81 1.8196 
61.82 1.82006 
61.83 1.82044 
61.84 1.82074 
61.85 1.82096 
61.86 1.8211 
61.87 1.82116 
61.88 1.82115 
61.89 1.82106 
61.9 1.82088 
61.91 1.82063 
61.92 1.8203 
61.93 1.81989 
61.94 1.8194 
61.95 1.81884 
61.96 1.81819 
61.97 1.81747 
61.98 1.81667 
61.99 1.81579 
62 1.81483 
62.01 1.81379 
62.02 1.81268 
62.03 1.81149 
62.04 1.81022 
62.05 1.80887 
62.06 1.80744 
62.07 1.80594 
62.08 1.80436 
62.09 1.8027 
62.1 1.80096 
62.11 1.79915 
62.12 1.79726 
62.13 1.7953 
62.14 1.79326 
62.15 1.79114 
62.16 1.78895 
62.17 1.78668 
62.18 1.78434 
62.19 1.78192 
62.2 1.77942 
62.21 1.77685 
62.22 1.77421 
62.23 1.77149 
62.24 1.7687 
62.25 1.76583 
62.26 1.76289 
62.27 1.75988 
62.28 1.7568 
62.29 1.75364 
62.3 1.75041 
62.31 1.74711 
62.32 1.74373 
62.33 1.74029 
62.34 1.73677 
62.35 1.73318 
62.36 1.72953 
62.37 1.7258 
62.38 1.722 
62.39 1.71814 
62.4 1.7142 
62.41 1.7102 
62.42 1.70613 
62.43 1.70199 
62.44 1.69778 
62.45 1.69351 
62.46 1.68917 
62.47 1.68476 
62.48 1.68029 
62.49 1.67575 
62.5 1.67115 
62.51 1.66648 
62.52 1.66175 
62.53 1.65696 
62.54 1.6521 
62.55 1.64719 
62.56 1.64221 
62.57 1.63716 
62.58 1.63206 
62.59 1.6269 
62.6 1.62167 
62.61 1.61639 
62.62 1.61105 
62.63 1.60565 
62.64 1.60019 
62.65 1.59467 
62.66 1.5891 
62.67 1.58347 
62.68 1.57778 
62.69 1.57204 
62.7 1.56625 
62.71 1.5604 
62.72 1.5545 
62.73 1.54854 
62.74 1.54253 
62.75 1.53647 
62.76 1.53036 
62.77 1.5242 
62.78 1.51798 
62.79 1.51172 
62.8 1.50541 
62.81 1.49905 
62.82 1.49264 
62.83 1.48619 
