-3 -0.999993 
-2.99 -0.999992 
-2.98 -0.999991 
-2.97 -0.999989 
-2.96 -0.999987 
-2.95 -0.999985 
-2.94 -0.999983 
-2.93 -0.99998 
-2.92 -0.999977 
-2.91 -0.999973 
-2.9 -0.999969 
-2.89 -0.999965 
-2.88 -0.999961 
-2.87 -0.999957 
-2.86 -0.999953 
-2.85 -0.999948 
-2.84 -0.999944 
-2.83 -0.999939 
-2.82 -0.999934 
-2.81 -0.999929 
-2.8 -0.999924 
-2.79 -0.999919 
-2.78 -0.999913 
-2.77 -0.999907 
-2.76 -0.999901 
-2.75 -0.999895 
-2.74 -0.999888 
-2.73 -0.999881 
-2.72 -0.999874 
-2.71 -0.999867 
-2.7 -0.999859 
-2.69 -0.99985 
-2.68 -0.999842 
-2.67 -0.999832 
-2.66 -0.999823 
-2.65 -0.999813 
-2.64 -0.999802 
-2.63 -0.999791 
-2.62 -0.999779 
-2.61 -0.999767 
-2.6 -0.999754 
-2.59 -0.99974 
-2.58 -0.999726 
-2.57 -0.999711 
-2.56 -0.999695 
-2.55 -0.999678 
-2.54 -0.999661 
-2.53 -0.999642 
-2.52 -0.999623 
-2.51 -0.999603 
-2.5 -0.999581 
-2.49 -0.999559 
-2.48 -0.999535 
-2.47 -0.999511 
-2.46 -0.999485 
-2.45 -0.999457 
-2.44 -0.999429 
-2.43 -0.999399 
-2.42 -0.999367 
-2.41 -0.999334 
-2.4 -0.999299 
-2.39 -0.999263 
-2.38 -0.999224 
-2.37 -0.999184 
-2.36 -0.999142 
-2.35 -0.999098 
-2.34 -0.999052 
-2.33 -0.999004 
-2.32 -0.998953 
-2.31 -0.9989 
-2.3 -0.998844 
-2.29 -0.998786 
-2.28 -0.998725 
-2.27 -0.998661 
-2.26 -0.998595 
-2.25 -0.998525 
-2.24 -0.998452 
-2.23 -0.998375 
-2.22 -0.998295 
-2.21 -0.998212 
-2.2 -0.998125 
-2.19 -0.998033 
-2.18 -0.997938 
-2.17 -0.997839 
-2.16 -0.997735 
-2.15 -0.997626 
-2.14 -0.997513 
-2.13 -0.997395 
-2.12 -0.997271 
-2.11 -0.997142 
-2.1 -0.997008 
-2.09 -0.996868 
-2.08 -0.996722 
-2.07 -0.99657 
-2.06 -0.996411 
-2.05 -0.996246 
-2.04 -0.996073 
-2.03 -0.995894 
-2.02 -0.995707 
-2.01 -0.995512 
-2 -0.99531 
-1.99 -0.995099 
-1.98 -0.99488 
-1.97 -0.994653 
-1.96 -0.994416 
-1.95 -0.99417 
-1.94 -0.993913 
-1.93 -0.993647 
-1.92 -0.99337 
-1.91 -0.993082 
-1.9 -0.992783 
-1.89 -0.992472 
-1.88 -0.99215 
-1.87 -0.991815 
-1.86 -0.991467 
-1.85 -0.991105 
-1.84 -0.990731 
-1.83 -0.990342 
-1.82 -0.989938 
-1.81 -0.98952 
-1.8 -0.989086 
-1.79 -0.988636 
-1.78 -0.98817 
-1.77 -0.987687 
-1.76 -0.987186 
-1.75 -0.986668 
-1.74 -0.986131 
-1.73 -0.985575 
-1.72 -0.984999 
-1.71 -0.984403 
-1.7 -0.983787 
-1.69 -0.983149 
-1.68 -0.982489 
-1.67 -0.981807 
-1.66 -0.981102 
-1.65 -0.980372 
-1.64 -0.979619 
-1.63 -0.97884 
-1.62 -0.978035 
-1.61 -0.977204 
-1.6 -0.976345 
-1.59 -0.975459 
-1.58 -0.974544 
-1.57 -0.973599 
-1.56 -0.972625 
-1.55 -0.97162 
-1.54 -0.970583 
-1.53 -0.969513 
-1.52 -0.96841 
-1.51 -0.967274 
-1.5 -0.966102 
-1.49 -0.964895 
-1.48 -0.963651 
-1.47 -0.96237 
-1.46 -0.961051 
-1.45 -0.959693 
-1.44 -0.958283 
-1.43 -0.956846 
-1.42 -0.955366 
-1.41 -0.953844 
-1.4 -0.952279 
-1.39 -0.950668 
-1.38 -0.949012 
-1.37 -0.94731 
-1.36 -0.94556 
-1.35 -0.943762 
-1.34 -0.941914 
-1.33 -0.940016 
-1.32 -0.938067 
-1.31 -0.936066 
-1.3 -0.934011 
-1.29 -0.931902 
-1.28 -0.929738 
-1.27 -0.927518 
-1.26 -0.92524 
-1.25 -0.922905 
-1.24 -0.92051 
-1.23 -0.918055 
-1.22 -0.915539 
-1.21 -0.912961 
-1.2 -0.910319 
-1.19 -0.907614 
-1.18 -0.904843 
-1.17 -0.902006 
-1.16 -0.899102 
-1.15 -0.89613 
-1.14 -0.893088 
-1.13 -0.889977 
-1.12 -0.886794 
-1.11 -0.883539 
-1.1 -0.880211 
-1.09 -0.876809 
-1.08 -0.873332 
-1.07 -0.869779 
-1.06 -0.866149 
-1.05 -0.862442 
-1.04 -0.858656 
-1.03 -0.85479 
-1.02 -0.850844 
-1.01 -0.846816 
-1 -0.842707 
-0.99 -0.838514 
-0.98 -0.834237 
-0.97 -0.829876 
-0.96 -0.825429 
-0.95 -0.820897 
-0.94 -0.816277 
-0.93 -0.811569 
-0.92 -0.806774 
-0.91 -0.801889 
-0.9 -0.796914 
-0.89 -0.791849 
-0.88 -0.786693 
-0.87 -0.781446 
-0.86 -0.776106 
-0.85 -0.770674 
-0.84 -0.765149 
-0.83 -0.75953 
-0.82 -0.753817 
-0.81 -0.748009 
-0.8 -0.742107 
-0.79 -0.736109 
-0.78 -0.730016 
-0.77 -0.723827 
-0.76 -0.717543 
-0.75 -0.711161 
-0.74 -0.704683 
-0.73 -0.698108 
-0.72 -0.691437 
-0.71 -0.684669 
-0.7 -0.677804 
-0.69 -0.670842 
-0.68 -0.663784 
-0.67 -0.656629 
-0.66 -0.649378 
-0.65 -0.642031 
-0.64 -0.634587 
-0.63 -0.627047 
-0.62 -0.619412 
-0.61 -0.611682 
-0.6 -0.603857 
-0.59 -0.595937 
-0.58 -0.587923 
-0.57 -0.579816 
-0.56 -0.571616 
-0.55 -0.563324 
-0.54 -0.554939 
-0.53 -0.546464 
-0.52 -0.537899 
-0.51 -0.529244 
-0.5 -0.5205 
-0.49 -0.511668 
-0.48 -0.50275 
-0.47 -0.493745 
-0.46 -0.484656 
-0.45 -0.475482 
-0.44 -0.466225 
-0.43 -0.456887 
-0.42 -0.447468 
-0.41 -0.437969 
-0.4 -0.428392 
-0.39 -0.418739 
-0.38 -0.40901 
-0.37 -0.399206 
-0.36 -0.38933 
-0.35 -0.379382 
-0.34 -0.369365 
-0.33 -0.359279 
-0.32 -0.349126 
-0.31 -0.338908 
-0.3 -0.328627 
-0.29 -0.318284 
-0.28 -0.30788 
-0.27 -0.297418 
-0.26 -0.2869 
-0.25 -0.276326 
-0.24 -0.2657 
-0.23 -0.255023 
-0.22 -0.244296 
-0.21 -0.233522 
-0.2 -0.222703 
-0.19 -0.21184 
-0.18 -0.200936 
-0.17 -0.189992 
-0.16 -0.179012 
-0.15 -0.167996 
-0.14 -0.156947 
-0.13 -0.145867 
-0.12 -0.134758 
-0.11 -0.123623 
-0.1 -0.112463 
-0.09 -0.101281 
-0.08 -0.0900781 
-0.07 -0.0788577 
-0.06 -0.0676216 
-0.05 -0.056372 
-0.04 -0.0451111 
-0.03 -0.0338412 
-0.02 -0.0225646 
-0.01 -0.0112834 
-1.96752e-14 -2.22011e-14 
0.01 0.0112834 
0.02 0.0225646 
0.03 0.0338412 
0.04 0.0451111 
0.05 0.056372 
0.06 0.0676216 
0.07 0.0788577 
0.08 0.0900781 
0.09 0.101281 
0.1 0.112463 
0.11 0.123623 
0.12 0.134758 
0.13 0.145867 
0.14 0.156947 
0.15 0.167996 
0.16 0.179012 
0.17 0.189992 
0.18 0.200936 
0.19 0.21184 
0.2 0.222703 
0.21 0.233522 
0.22 0.244296 
0.23 0.255023 
0.24 0.2657 
0.25 0.276326 
0.26 0.2869 
0.27 0.297418 
0.28 0.30788 
0.29 0.318284 
0.3 0.328627 
0.31 0.338908 
0.32 0.349126 
0.33 0.359279 
0.34 0.369365 
0.35 0.379382 
0.36 0.38933 
0.37 0.399206 
0.38 0.40901 
0.39 0.418739 
0.4 0.428392 
0.41 0.437969 
0.42 0.447468 
0.43 0.456887 
0.44 0.466225 
0.45 0.475482 
0.46 0.484656 
0.47 0.493745 
0.48 0.50275 
0.49 0.511668 
0.5 0.5205 
0.51 0.529244 
0.52 0.537899 
0.53 0.546464 
0.54 0.554939 
0.55 0.563324 
0.56 0.571616 
0.57 0.579816 
0.58 0.587923 
0.59 0.595937 
0.6 0.603857 
0.61 0.611682 
0.62 0.619412 
0.63 0.627047 
0.64 0.634587 
0.65 0.642031 
0.66 0.649378 
0.67 0.656629 
0.68 0.663784 
0.69 0.670842 
0.7 0.677804 
0.71 0.684669 
0.72 0.691437 
0.73 0.698108 
0.74 0.704683 
0.75 0.711161 
0.76 0.717543 
0.77 0.723827 
0.78 0.730016 
0.79 0.736109 
0.8 0.742107 
0.81 0.748009 
0.82 0.753817 
0.83 0.75953 
0.84 0.765149 
0.85 0.770674 
0.86 0.776106 
0.87 0.781446 
0.88 0.786693 
0.89 0.791849 
0.9 0.796914 
0.91 0.801889 
0.92 0.806774 
0.93 0.811569 
0.94 0.816277 
0.95 0.820897 
0.96 0.825429 
0.97 0.829876 
0.98 0.834237 
0.99 0.838514 
1 0.842707 
1.01 0.846816 
1.02 0.850844 
1.03 0.85479 
1.04 0.858656 
1.05 0.862442 
1.06 0.866149 
1.07 0.869779 
1.08 0.873332 
1.09 0.876809 
1.1 0.880211 
1.11 0.883539 
1.12 0.886794 
1.13 0.889977 
1.14 0.893088 
1.15 0.89613 
1.16 0.899102 
1.17 0.902006 
1.18 0.904843 
1.19 0.907614 
1.2 0.910319 
1.21 0.912961 
1.22 0.915539 
1.23 0.918055 
1.24 0.92051 
1.25 0.922905 
1.26 0.92524 
1.27 0.927518 
1.28 0.929738 
1.29 0.931902 
1.3 0.934011 
1.31 0.936066 
1.32 0.938067 
1.33 0.940016 
1.34 0.941914 
1.35 0.943762 
1.36 0.94556 
1.37 0.94731 
1.38 0.949012 
1.39 0.950668 
1.4 0.952279 
1.41 0.953844 
1.42 0.955366 
1.43 0.956846 
1.44 0.958283 
1.45 0.959693 
1.46 0.961051 
1.47 0.96237 
1.48 0.963651 
1.49 0.964895 
1.5 0.966102 
1.51 0.967274 
1.52 0.96841 
1.53 0.969513 
1.54 0.970583 
1.55 0.97162 
1.56 0.972625 
1.57 0.973599 
1.58 0.974544 
1.59 0.975459 
1.6 0.976345 
1.61 0.977204 
1.62 0.978035 
1.63 0.97884 
1.64 0.979619 
1.65 0.980372 
1.66 0.981102 
1.67 0.981807 
1.68 0.982489 
1.69 0.983149 
1.7 0.983787 
1.71 0.984403 
1.72 0.984999 
1.73 0.985575 
1.74 0.986131 
1.75 0.986668 
1.76 0.987186 
1.77 0.987687 
1.78 0.98817 
1.79 0.988636 
1.8 0.989086 
1.81 0.98952 
1.82 0.989938 
1.83 0.990342 
1.84 0.990731 
1.85 0.991105 
1.86 0.991467 
1.87 0.991815 
1.88 0.99215 
1.89 0.992472 
1.9 0.992783 
1.91 0.993082 
1.92 0.99337 
1.93 0.993647 
1.94 0.993913 
1.95 0.99417 
1.96 0.994416 
1.97 0.994653 
1.98 0.99488 
1.99 0.995099 
2 0.99531 
2.01 0.995512 
2.02 0.995707 
2.03 0.995894 
2.04 0.996073 
2.05 0.996246 
2.06 0.996411 
2.07 0.99657 
2.08 0.996722 
2.09 0.996868 
2.1 0.997008 
2.11 0.997142 
2.12 0.997271 
2.13 0.997395 
2.14 0.997513 
2.15 0.997626 
2.16 0.997735 
2.17 0.997839 
2.18 0.997938 
2.19 0.998033 
2.2 0.998125 
2.21 0.998212 
2.22 0.998295 
2.23 0.998375 
2.24 0.998452 
2.25 0.998525 
2.26 0.998595 
2.27 0.998661 
2.28 0.998725 
2.29 0.998786 
2.3 0.998844 
2.31 0.9989 
2.32 0.998953 
2.33 0.999004 
2.34 0.999052 
2.35 0.999098 
2.36 0.999142 
2.37 0.999184 
2.38 0.999224 
2.39 0.999263 
2.4 0.999299 
2.41 0.999334 
2.42 0.999367 
2.43 0.999399 
2.44 0.999429 
2.45 0.999457 
2.46 0.999485 
2.47 0.999511 
2.48 0.999535 
2.49 0.999559 
2.5 0.999581 
2.51 0.999603 
2.52 0.999623 
2.53 0.999642 
2.54 0.999661 
2.55 0.999678 
2.56 0.999695 
2.57 0.999711 
2.58 0.999726 
2.59 0.99974 
2.6 0.999754 
2.61 0.999767 
2.62 0.999779 
2.63 0.999791 
2.64 0.999802 
2.65 0.999813 
2.66 0.999823 
2.67 0.999832 
2.68 0.999842 
2.69 0.99985 
2.7 0.999859 
2.71 0.999867 
2.72 0.999874 
2.73 0.999881 
2.74 0.999888 
2.75 0.999895 
2.76 0.999901 
2.77 0.999907 
2.78 0.999913 
2.79 0.999919 
2.8 0.999924 
2.81 0.999929 
2.82 0.999934 
2.83 0.999939 
2.84 0.999944 
2.85 0.999948 
2.86 0.999953 
2.87 0.999957 
2.88 0.999961 
2.89 0.999965 
2.9 0.999969 
2.91 0.999973 
2.92 0.999977 
2.93 0.99998 
2.94 0.999983 
2.95 0.999985 
2.96 0.999987 
2.97 0.999989 
2.98 0.999991 
2.99 0.999992 
3 0.999993 
