-1 0.99938 -1.93107 -0.332902
-0.984375 0.969308 -1.91772 -0.317522
-0.96875 0.939464 -1.90189 -0.30261
-0.953125 0.909886 -1.88376 -0.288162
-0.9375 0.880608 -1.86353 -0.274174
-0.921875 0.851661 -1.84137 -0.260642
-0.90625 0.823074 -1.81746 -0.247558
-0.890625 0.794873 -1.79198 -0.234918
-0.875 0.767082 -1.76509 -0.222716
-0.859375 0.739721 -1.73695 -0.210945
-0.84375 0.712808 -1.7077 -0.199598
-0.828125 0.68636 -1.6775 -0.188667
-0.8125 0.66039 -1.64647 -0.178146
-0.796875 0.634911 -1.61474 -0.168028
-0.78125 0.609933 -1.58244 -0.158303
-0.765625 0.585463 -1.54966 -0.148964
-0.75 0.561508 -1.51652 -0.140004
-0.734375 0.538073 -1.48311 -0.131415
-0.71875 0.515162 -1.44951 -0.123187
-0.703125 0.492776 -1.4158 -0.115313
-0.6875 0.470918 -1.38205 -0.107785
-0.671875 0.449587 -1.34832 -0.100594
-0.65625 0.428783 -1.31467 -0.0937326
-0.640625 0.408503 -1.28114 -0.087192
-0.625 0.388746 -1.24777 -0.0809642
-0.609375 0.369509 -1.21459 -0.075041
-0.59375 0.350789 -1.18164 -0.0694143
-0.578125 0.332582 -1.14892 -0.0640761
-0.5625 0.314884 -1.11646 -0.0590185
-0.546875 0.297691 -1.08426 -0.0542334
-0.53125 0.280999 -1.05232 -0.049713
-0.515625 0.264805 -1.02065 -0.0454496
-0.5 0.249103 -0.989232 -0.0414353
-0.484375 0.23389 -0.95806 -0.0376626
-0.46875 0.219162 -0.92712 -0.0341237
-0.453125 0.204916 -0.896396 -0.0308112
-0.4375 0.191149 -0.865867 -0.0277176
-0.421875 0.177857 -0.835513 -0.0248354
-0.40625 0.165038 -0.805309 -0.0221571
-0.390625 0.15269 -0.77523 -0.0196755
-0.375 0.140812 -0.74525 -0.0173831
-0.359375 0.129401 -0.715342 -0.0152727
-0.34375 0.118457 -0.685479 -0.0133369
-0.328125 0.10798 -0.655634 -0.0115685
-0.3125 0.0979685 -0.62578 -0.00996009
-0.296875 0.0884241 -0.595891 -0.00850451
-0.28125 0.0793472 -0.565944 -0.0071944
-0.265625 0.0707388 -0.535915 -0.00602247
-0.25 0.0626004 -0.505783 -0.00498137
-0.234375 0.0549337 -0.475528 -0.00406375
-0.21875 0.0477409 -0.445134 -0.00326222
-0.203125 0.0410241 -0.414587 -0.00256937
-0.1875 0.0347859 -0.383874 -0.00197773
-0.171875 0.0290289 -0.352986 -0.0014798
-0.15625 0.023756 -0.321918 -0.00106805
-0.140625 0.01897 -0.290667 -0.00073489
-0.125 0.0146736 -0.259232 -0.000472689
-0.109375 0.0108699 -0.227617 -0.000273774
-0.09375 0.00756151 -0.195828 -0.000130425
-0.078125 0.00475114 -0.163874 -3.48827e-05
-0.0625 0.00244126 -0.131767 2.06547e-05
-0.046875 0.000634149 -0.0995212 4.40253e-05
-0.03125 -0.000668151 -0.0671546 4.31011e-05
-0.015625 -0.0014639 -0.0346861 2.57839e-05
0 -0.00175167 -0.0021372 0
0.015625 -0.00153039 0.030469 -2.63045e-05
0.03125 -0.000799346 0.063108 -4.51696e-05
0.046875 0.000441773 0.0957543 -4.86273e-05
0.0625 0.00219288 0.128382 -2.87079e-05
0.078125 0.00445347 0.160964 2.25538e-05
0.09375 0.00722265 0.193476 0.000113112
0.109375 0.0104991 0.225891 0.000250904
0.125 0.0142811 0.258186 0.000443842
0.140625 0.0185666 0.290337 0.000699811
0.15625 0.0233533 0.322324 0.00102666
0.171875 0.0286383 0.354129 0.0014322
0.1875 0.0344188 0.385737 0.00192419
0.203125 0.0406915 0.417135 0.00251035
0.21875 0.0474531 0.448315 0.00319834
0.234375 0.0547002 0.479273 0.00399579
0.25 0.0624293 0.510009 0.00491023
0.265625 0.0706368 0.540526 0.00594919
0.28125 0.0793196 0.570834 0.00712011
0.296875 0.0884744 0.600944 0.00843039
0.3125 0.0980982 0.630877 0.00988738
0.328125 0.108188 0.660653 0.0114984
0.34375 0.118743 0.6903 0.0132707
0.359375 0.12976 0.719849 0.0152115
0.375 0.141238 0.749335 0.0173281
0.390625 0.153176 0.778795 0.0196276
0.40625 0.165575 0.808271 0.0221172
0.421875 0.178435 0.837805 0.0248042
0.4375 0.191757 0.867442 0.0276957
0.453125 0.205543 0.897227 0.0307991
0.46875 0.219797 0.927205 0.0341214
0.484375 0.23452 0.957419 0.0376701
0.5 0.249717 0.987912 0.0414526
0.515625 0.265394 1.01872 0.0454763
0.53125 0.281554 1.04988 0.0497487
0.546875 0.298205 1.08142 0.0542774
0.5625 0.315351 1.11336 0.0590702
0.578125 0.332999 1.14571 0.0641348
0.59375 0.351156 1.17848 0.0694791
0.609375 0.369829 1.21166 0.0751111
0.625 0.389023 1.24525 0.0810389
0.640625 0.408745 1.2792 0.0872708
0.65625 0.428999 1.31347 0.093815
0.671875 0.449792 1.34802 0.10068
0.6875 0.471126 1.38277 0.107874
0.703125 0.493004 1.41764 0.115405
0.71875 0.515428 1.45253 0.123283
0.734375 0.538395 1.48732 0.131515
0.75 0.561905 1.52189 0.140111
0.765625 0.585952 1.55607 0.149078
0.78125 0.61053 1.58973 0.158424
0.796875 0.635628 1.62267 0.168159
0.8125 0.661233 1.65471 0.17829
0.828125 0.687332 1.68565 0.188826
0.84375 0.713903 1.71527 0.199772
0.859375 0.740926 1.74336 0.211137
0.875 0.768374 1.76967 0.222928
0.890625 0.796217 1.79397 0.235151
0.90625 0.824424 1.81602 0.247812
0.921875 0.852955 1.83556 0.260916
0.9375 0.881771 1.85236 0.274468
0.953125 0.910826 1.86617 0.288473
0.96875 0.940072 1.87674 0.302933
0.984375 0.969456 1.88385 0.317851
1 0.998923 1.88726 0.333228
