1000 0.0267143
2000 0.0191961
3000 0.0158674
4000 0.0137411
5000 0.0122045
6000 0.0111694
7000 0.0103054
8000 0.00974205
9000 0.00905843
10000 0.00864426
11000 0.00822627
12000 0.00794566
13000 0.00759058
14000 0.00731135
15000 0.00709082
16000 0.00682594
17000 0.00658905
18000 0.00642238
19000 0.00631679
20000 0.00612494
21000 0.00594701
22000 0.00582041
23000 0.0057024
24000 0.00554293
25000 0.00548034
26000 0.00538404
27000 0.00524925
28000 0.00514756
29000 0.00505517
30000 0.00499447
31000 0.00490304
32000 0.00484293
33000 0.00476164
34000 0.00470213
35000 0.00460957
36000 0.00455789
37000 0.00449678
38000 0.00445269
39000 0.00435172
40000 0.00432997
41000 0.00429196
42000 0.00420914
43000 0.00416765
44000 0.00411962
45000 0.00406854
46000 0.00401553
47000 0.00397587
48000 0.00393344
49000 0.00391676
50000 0.00386139
51000 0.00382255
52000 0.00379277
53000 0.00375791
54000 0.00371753
55000 0.00368218
56000 0.00364414
57000 0.00362631
58000 0.00357706
59000 0.00355208
60000 0.00353085
61000 0.00350099
62000 0.00347237
63000 0.00344464
64000 0.00340569
65000 0.00338905
66000 0.00337629
67000 0.00334141
68000 0.00331609
69000 0.00328308
70000 0.00326854
71000 0.00324149
72000 0.00322955
73000 0.00320449
74000 0.00317616
75000 0.00315448
76000 0.00313791
77000 0.00311531
78000 0.00310435
79000 0.00306667
80000 0.0030554
81000 0.00303448
82000 0.00301801
83000 0.00300298
84000 0.00298055
85000 0.00297216
86000 0.00294834
87000 0.00292286
88000 0.00291814
89000 0.00289739
90000 0.00288476
91000 0.00287028
92000 0.00284828
93000 0.00283816
94000 0.00282345
95000 0.00280665
96000 0.0027903
97000 0.00277555
98000 0.00275613
99000 0.00275272
