    1 0.00100 0.00000    0.99800
    2 0.00300 0.00000    0.99401
    3 0.00700 0.00000    0.98605
    4 0.01500 0.00000    0.97023
    5 0.03100 0.00000    0.93905
    6 0.06300 0.00000    0.87954
    7 0.12700 0.00000    0.78814
    8 0.16126 0.00000    0.77111
    9 0.19324 0.01230    0.71359
   10 0.25720 0.03689    0.63737
   11 0.29284 0.05059    0.62369
   12 0.27913 0.08623    0.52657
   13 0.28248 0.07753    0.51535
   14 0.29051 0.08227    0.50383
   15 0.30657 0.09175    0.48134
   16 0.33869 0.11071    0.43893
   17 0.40294 0.14863    0.37534
   18 0.43180 0.16566    0.36606
   19 0.42454 0.17797    0.33167
   20 0.43532 0.18734    0.31933
   21 0.45689 0.20609    0.29568
   22 0.50002 0.24359    0.25412
   23 0.58629 0.31858    0.23444
   24 0.55925 0.29507    0.22554
   25 0.55231 0.30306    0.20082
   26 0.55934 0.31097    0.19454
   27 0.57340 0.32678    0.18239
   28 0.60152 0.35841    0.15996
   29 0.65776 0.42166    0.12921
   30 0.67461 0.44061    0.12687
   31 0.66879 0.44579    0.10992
   32 0.67342 0.45206    0.10686
   33 0.68267 0.46460    0.10090
   34 0.70118 0.48969    0.08968
   35 0.73821 0.53986    0.07113
   36 0.77672 0.59205    0.06251
   37 0.77224 0.59536    0.05197
   38 0.77525 0.60005    0.05061
   39 0.78127 0.60943    0.04793
   40 0.79331 0.62819    0.04285
   41 0.81738 0.66572    0.03392
   42 0.86553 0.74077    0.02510
   43 0.86375 0.73799    0.02508
   44 0.86098 0.73978    0.01955
   45 0.86059 0.74002    0.01947
   46 0.86082 0.74042    0.01941
   47 0.86128 0.74122    0.01928
   48 0.86220 0.74281    0.01902
   49 0.86403 0.74599    0.01852
   50 0.86770 0.75235    0.01753
   51 0.87505 0.76507    0.01565
   52 0.88973 0.79050    0.01228
   53 0.91910 0.84138    0.00768
   54 0.93291 0.86530    0.00702
   55 0.93097 0.86643    0.00477
   56 0.93203 0.86840    0.00463
   57 0.93414 0.87235    0.00434
   58 0.93837 0.88026    0.00381
   59 0.94682 0.89607    0.00284
   60 0.96373 0.92770    0.00143
   61 0.97977 0.95768    0.00092
   62 0.97889 0.95815    0.00045
   63 0.97934 0.95903    0.00043
   64 0.98024 0.96080    0.00039
   65 0.98204 0.96433    0.00032
   66 0.98564 0.97139    0.00021
   67 0.99283 0.98552    0.00006
   68 0.99877 0.99717    0.00001
   69 0.99862 0.99724    0.00000
   70 0.99869 0.99739    0.00000
   71 0.99884 0.99767    0.00000
Minimum found at:
   72 0.99913 0.99825    0.00000
