-10 10.0499
-9.99 10.0399
-9.98 10.03
-9.97 10.02
-9.96 10.0101
-9.95 10.0001
-9.94 9.99018
-9.93 9.98023
-9.92 9.97028
-9.91 9.96033
-9.9 9.95038
-9.89 9.94043
-9.88 9.93048
-9.87 9.92053
-9.86 9.91058
-9.85 9.90063
-9.84 9.89068
-9.83 9.88073
-9.82 9.87079
-9.81 9.86084
-9.8 9.85089
-9.79 9.84094
-9.78 9.83099
-9.77 9.82104
-9.76 9.8111
-9.75 9.80115
-9.74 9.7912
-9.73 9.78125
-9.72 9.7713
-9.71 9.76136
-9.7 9.75141
-9.69 9.74146
-9.68 9.73152
-9.67 9.72157
-9.66 9.71162
-9.65 9.70168
-9.64 9.69173
-9.63 9.68178
-9.62 9.67184
-9.61 9.66189
-9.6 9.65194
-9.59 9.642
-9.58 9.63205
-9.57 9.6221
-9.56 9.61216
-9.55 9.60221
-9.54 9.59227
-9.53 9.58232
-9.52 9.57238
-9.51 9.56243
-9.5 9.55249
-9.49 9.54254
-9.48 9.5326
-9.47 9.52265
-9.46 9.51271
-9.45 9.50276
-9.44 9.49282
-9.43 9.48287
-9.42 9.47293
-9.41 9.46299
-9.4 9.45304
-9.39 9.4431
-9.38 9.43315
-9.37 9.42321
-9.36 9.41327
-9.35 9.40332
-9.34 9.39338
-9.33 9.38344
-9.32 9.37349
-9.31 9.36355
-9.3 9.35361
-9.29 9.34367
-9.28 9.33372
-9.27 9.32378
-9.26 9.31384
-9.25 9.3039
-9.24 9.29396
-9.23 9.28401
-9.22 9.27407
-9.21 9.26413
-9.2 9.25419
-9.19 9.24425
-9.18 9.23431
-9.17 9.22436
-9.16 9.21442
-9.15 9.20448
-9.14 9.19454
-9.13 9.1846
-9.12 9.17466
-9.11 9.16472
-9.1 9.15478
-9.09 9.14484
-9.08 9.1349
-9.07 9.12496
-9.06 9.11502
-9.05 9.10508
-9.04 9.09514
-9.03 9.0852
-9.02 9.07526
-9.01 9.06532
-9 9.05539
-8.99 9.04545
-8.98 9.03551
-8.97 9.02557
-8.96 9.01563
-8.95 9.00569
-8.94 8.99575
-8.93 8.98582
-8.92 8.97588
-8.91 8.96594
-8.9 8.956
-8.89 8.94607
-8.88 8.93613
-8.87 8.92619
-8.86 8.91625
-8.85 8.90632
-8.84 8.89638
-8.83 8.88644
-8.82 8.87651
-8.81 8.86657
-8.8 8.85664
-8.79 8.8467
-8.78 8.83676
-8.77 8.82683
-8.76 8.81689
-8.75 8.80696
-8.74 8.79702
-8.73 8.78709
-8.72 8.77715
-8.71 8.76722
-8.7 8.75728
-8.69 8.74735
-8.68 8.73741
-8.67 8.72748
-8.66 8.71755
-8.65 8.70761
-8.64 8.69768
-8.63 8.68774
-8.62 8.67781
-8.61 8.66788
-8.6 8.65794
-8.59 8.64801
-8.58 8.63808
-8.57 8.62815
-8.56 8.61821
-8.55 8.60828
-8.54 8.59835
-8.53 8.58842
-8.52 8.57848
-8.51 8.56855
-8.5 8.55862
-8.49 8.54869
-8.48 8.53876
-8.47 8.52883
-8.46 8.5189
-8.45 8.50897
-8.44 8.49904
-8.43 8.4891
-8.42 8.47917
-8.41 8.46924
-8.4 8.45931
-8.39 8.44938
-8.38 8.43945
-8.37 8.42953
-8.36 8.4196
-8.35 8.40967
-8.34 8.39974
-8.33 8.38981
-8.32 8.37988
-8.31 8.36995
-8.3 8.36002
-8.29 8.3501
-8.28 8.34017
-8.27 8.33024
-8.26 8.32031
-8.25 8.31039
-8.24 8.30046
-8.23 8.29053
-8.22 8.2806
-8.21 8.27068
-8.2 8.26075
-8.19 8.25082
-8.18 8.2409
-8.17 8.23097
-8.16 8.22105
-8.15 8.21112
-8.14 8.2012
-8.13 8.19127
-8.12 8.18134
-8.11 8.17142
-8.1 8.16149
-8.09 8.15157
-8.08 8.14165
-8.07 8.13172
-8.06 8.1218
-8.05 8.11187
-8.04 8.10195
-8.03 8.09203
-8.02 8.0821
-8.01 8.07218
-8 8.06226
-7.99 8.05234
-7.98 8.04241
-7.97 8.03249
-7.96 8.02257
-7.95 8.01265
-7.94 8.00272
-7.93 7.9928
-7.92 7.98288
-7.91 7.97296
-7.9 7.96304
-7.89 7.95312
-7.88 7.9432
-7.87 7.93328
-7.86 7.92336
-7.85 7.91344
-7.84 7.90352
-7.83 7.8936
-7.82 7.88368
-7.81 7.87376
-7.8 7.86384
-7.79 7.85392
-7.78 7.844
-7.77 7.83409
-7.76 7.82417
-7.75 7.81425
-7.74 7.80433
-7.73 7.79441
-7.72 7.7845
-7.71 7.77458
-7.7 7.76466
-7.69 7.75475
-7.68 7.74483
-7.67 7.73491
-7.66 7.725
-7.65 7.71508
-7.64 7.70517
-7.63 7.69525
-7.62 7.68534
-7.61 7.67542
-7.6 7.66551
-7.59 7.65559
-7.58 7.64568
-7.57 7.63576
-7.56 7.62585
-7.55 7.61594
-7.54 7.60602
-7.53 7.59611
-7.52 7.5862
-7.51 7.57629
-7.5 7.56637
-7.49 7.55646
-7.48 7.54655
-7.47 7.53664
-7.46 7.52673
-7.45 7.51681
-7.44 7.5069
-7.43 7.49699
-7.42 7.48708
-7.41 7.47717
-7.4 7.46726
-7.39 7.45735
-7.38 7.44744
-7.37 7.43753
-7.36 7.42762
-7.35 7.41772
-7.34 7.40781
-7.33 7.3979
-7.32 7.38799
-7.31 7.37808
-7.3 7.36817
-7.29 7.35827
-7.28 7.34836
-7.27 7.33845
-7.26 7.32855
-7.25 7.31864
-7.24 7.30873
-7.23 7.29883
-7.22 7.28892
-7.21 7.27902
-7.2 7.26911
-7.19 7.25921
-7.18 7.2493
-7.17 7.2394
-7.16 7.2295
-7.15 7.21959
-7.14 7.20969
-7.13 7.19978
-7.12 7.18988
-7.11 7.17998
-7.1 7.17008
-7.09 7.16017
-7.08 7.15027
-7.07 7.14037
-7.06 7.13047
-7.05 7.12057
-7.04 7.11067
-7.03 7.10077
-7.02 7.09087
-7.01 7.08097
-7 7.07107
-6.99 7.06117
-6.98 7.05127
-6.97 7.04137
-6.96 7.03147
-6.95 7.02157
-6.94 7.01168
-6.93 7.00178
-6.92 6.99188
-6.91 6.98198
-6.9 6.97209
-6.89 6.96219
-6.88 6.95229
-6.87 6.9424
-6.86 6.9325
-6.85 6.92261
-6.84 6.91271
-6.83 6.90282
-6.82 6.89292
-6.81 6.88303
-6.8 6.87314
-6.79 6.86324
-6.78 6.85335
-6.77 6.84346
-6.76 6.83356
-6.75 6.82367
-6.74 6.81378
-6.73 6.80389
-6.72 6.794
-6.71 6.78411
-6.7 6.77422
-6.69 6.76433
-6.68 6.75444
-6.67 6.74455
-6.66 6.73466
-6.65 6.72477
-6.64 6.71488
-6.63 6.70499
-6.62 6.6951
-6.61 6.68522
-6.6 6.67533
-6.59 6.66544
-6.58 6.65555
-6.57 6.64567
-6.56 6.63578
-6.55 6.6259
-6.54 6.61601
-6.53 6.60613
-6.52 6.59624
-6.51 6.58636
-6.5 6.57647
-6.49 6.56659
-6.48 6.55671
-6.47 6.54682
-6.46 6.53694
-6.45 6.52706
-6.44 6.51718
-6.43 6.5073
-6.42 6.49741
-6.41 6.48753
-6.4 6.47765
-6.39 6.46777
-6.38 6.45789
-6.37 6.44802
-6.36 6.43814
-6.35 6.42826
-6.34 6.41838
-6.33 6.4085
-6.32 6.39862
-6.31 6.38875
-6.3 6.37887
-6.29 6.369
-6.28 6.35912
-6.27 6.34924
-6.26 6.33937
-6.25 6.32949
-6.24 6.31962
-6.23 6.30975
-6.22 6.29987
-6.21 6.29
-6.2 6.28013
-6.19 6.27026
-6.18 6.26038
-6.17 6.25051
-6.16 6.24064
-6.15 6.23077
-6.14 6.2209
-6.13 6.21103
-6.12 6.20116
-6.11 6.19129
-6.1 6.18142
-6.09 6.17156
-6.08 6.16169
-6.07 6.15182
-6.06 6.14195
-6.05 6.13209
-6.04 6.12222
-6.03 6.11236
-6.02 6.10249
-6.01 6.09263
-6 6.08276
-5.99 6.0729
-5.98 6.06304
-5.97 6.05317
-5.96 6.04331
-5.95 6.03345
-5.94 6.02359
-5.93 6.01373
-5.92 6.00387
-5.91 5.99401
-5.9 5.98415
-5.89 5.97429
-5.88 5.96443
-5.87 5.95457
-5.86 5.94471
-5.85 5.93485
-5.84 5.925
-5.83 5.91514
-5.82 5.90529
-5.81 5.89543
-5.8 5.88558
-5.79 5.87572
-5.78 5.86587
-5.77 5.85601
-5.76 5.84616
-5.75 5.83631
-5.74 5.82646
-5.73 5.81661
-5.72 5.80675
-5.71 5.7969
-5.7 5.78705
-5.69 5.77721
-5.68 5.76736
-5.67 5.75751
-5.66 5.74766
-5.65 5.73781
-5.64 5.72797
-5.63 5.71812
-5.62 5.70827
-5.61 5.69843
-5.6 5.68859
-5.59 5.67874
-5.58 5.6689
-5.57 5.65905
-5.56 5.64921
-5.55 5.63937
-5.54 5.62953
-5.53 5.61969
-5.52 5.60985
-5.51 5.60001
-5.5 5.59017
-5.49 5.58033
-5.48 5.57049
-5.47 5.56066
-5.46 5.55082
-5.45 5.54098
-5.44 5.53115
-5.43 5.52131
-5.42 5.51148
-5.41 5.50165
-5.4 5.49181
-5.39 5.48198
-5.38 5.47215
-5.37 5.46232
-5.36 5.45249
-5.35 5.44266
-5.34 5.43283
-5.33 5.423
-5.32 5.41317
-5.31 5.40334
-5.3 5.39351
-5.29 5.38369
-5.28 5.37386
-5.27 5.36404
-5.26 5.35421
-5.25 5.34439
-5.24 5.33457
-5.23 5.32474
-5.22 5.31492
-5.21 5.3051
-5.2 5.29528
-5.19 5.28546
-5.18 5.27564
-5.17 5.26582
-5.16 5.25601
-5.15 5.24619
-5.14 5.23637
-5.13 5.22656
-5.12 5.21674
-5.11 5.20693
-5.1 5.19711
-5.09 5.1873
-5.08 5.17749
-5.07 5.16768
-5.06 5.15787
-5.05 5.14806
-5.04 5.13825
-5.03 5.12844
-5.02 5.11863
-5.01 5.10883
-5 5.09902
-4.99 5.08921
-4.98 5.07941
-4.97 5.06961
-4.96 5.0598
-4.95 5.05
-4.94 5.0402
-4.93 5.0304
-4.92 5.0206
-4.91 5.0108
-4.9 5.001
-4.89 4.9912
-4.88 4.98141
-4.87 4.97161
-4.86 4.96181
-4.85 4.95202
-4.84 4.94223
-4.83 4.93243
-4.82 4.92264
-4.81 4.91285
-4.8 4.90306
-4.79 4.89327
-4.78 4.88348
-4.77 4.87369
-4.76 4.86391
-4.75 4.85412
-4.74 4.84434
-4.73 4.83455
-4.72 4.82477
-4.71 4.81499
-4.7 4.80521
-4.69 4.79542
-4.68 4.78565
-4.67 4.77587
-4.66 4.76609
-4.65 4.75631
-4.64 4.74654
-4.63 4.73676
-4.62 4.72699
-4.61 4.71721
-4.6 4.70744
-4.59 4.69767
-4.58 4.6879
-4.57 4.67813
-4.56 4.66836
-4.55 4.65859
-4.54 4.64883
-4.53 4.63906
-4.52 4.6293
-4.51 4.61953
-4.5 4.60977
-4.49 4.60001
-4.48 4.59025
-4.47 4.58049
-4.46 4.57073
-4.45 4.56098
-4.44 4.55122
-4.43 4.54146
-4.42 4.53171
-4.41 4.52196
-4.4 4.51221
-4.39 4.50245
-4.38 4.49271
-4.37 4.48296
-4.36 4.47321
-4.35 4.46346
-4.34 4.45372
-4.33 4.44397
-4.32 4.43423
-4.31 4.42449
-4.3 4.41475
-4.29 4.40501
-4.28 4.39527
-4.27 4.38553
-4.26 4.3758
-4.25 4.36606
-4.24 4.35633
-4.23 4.3466
-4.22 4.33687
-4.21 4.32714
-4.2 4.31741
-4.19 4.30768
-4.18 4.29795
-4.17 4.28823
-4.16 4.2785
-4.15 4.26878
-4.14 4.25906
-4.13 4.24934
-4.12 4.23962
-4.11 4.22991
-4.1 4.22019
-4.09 4.21048
-4.08 4.20076
-4.07 4.19105
-4.06 4.18134
-4.05 4.17163
-4.04 4.16192
-4.03 4.15222
-4.02 4.14251
-4.01 4.13281
-4 4.12311
-3.99 4.1134
-3.98 4.10371
-3.97 4.09401
-3.96 4.08431
-3.95 4.07462
-3.94 4.06492
-3.93 4.05523
-3.92 4.04554
-3.91 4.03585
-3.9 4.02616
-3.89 4.01648
-3.88 4.00679
-3.87 3.99711
-3.86 3.98743
-3.85 3.97775
-3.84 3.96807
-3.83 3.9584
-3.82 3.94872
-3.81 3.93905
-3.8 3.92938
-3.79 3.91971
-3.78 3.91004
-3.77 3.90037
-3.76 3.89071
-3.75 3.88104
-3.74 3.87138
-3.73 3.86172
-3.72 3.85206
-3.71 3.84241
-3.7 3.83275
-3.69 3.8231
-3.68 3.81345
-3.67 3.8038
-3.66 3.79415
-3.65 3.78451
-3.64 3.77486
-3.63 3.76522
-3.62 3.75558
-3.61 3.74594
-3.6 3.73631
-3.59 3.72667
-3.58 3.71704
-3.57 3.70741
-3.56 3.69778
-3.55 3.68816
-3.54 3.67853
-3.53 3.66891
-3.52 3.65929
-3.51 3.64967
-3.5 3.64005
-3.49 3.63044
-3.48 3.62083
-3.47 3.61122
-3.46 3.60161
-3.45 3.59201
-3.44 3.5824
-3.43 3.5728
-3.42 3.5632
-3.41 3.5536
-3.4 3.54401
-3.39 3.53442
-3.38 3.52483
-3.37 3.51524
-3.36 3.50565
-3.35 3.49607
-3.34 3.48649
-3.33 3.47691
-3.32 3.46733
-3.31 3.45776
-3.3 3.44819
-3.29 3.43862
-3.28 3.42905
-3.27 3.41949
-3.26 3.40993
-3.25 3.40037
-3.24 3.39081
-3.23 3.38126
-3.22 3.37171
-3.21 3.36216
-3.2 3.35261
-3.19 3.34307
-3.18 3.33353
-3.17 3.32399
-3.16 3.31445
-3.15 3.30492
-3.14 3.29539
-3.13 3.28586
-3.12 3.27634
-3.11 3.26682
-3.1 3.2573
-3.09 3.24778
-3.08 3.23827
-3.07 3.22876
-3.06 3.21925
-3.05 3.20975
-3.04 3.20025
-3.03 3.19075
-3.02 3.18126
-3.01 3.17177
-3 3.16228
-2.99 3.15279
-2.98 3.14331
-2.97 3.13383
-2.96 3.12436
-2.95 3.11488
-2.94 3.10541
-2.93 3.09595
-2.92 3.08649
-2.91 3.07703
-2.9 3.06757
-2.89 3.05812
-2.88 3.04867
-2.87 3.03923
-2.86 3.02979
-2.85 3.02035
-2.84 3.01091
-2.83 3.00148
-2.82 2.99206
-2.81 2.98263
-2.8 2.97321
-2.79 2.9638
-2.78 2.95439
-2.77 2.94498
-2.76 2.93557
-2.75 2.92617
-2.74 2.91678
-2.73 2.90739
-2.72 2.898
-2.71 2.88862
-2.7 2.87924
-2.69 2.86986
-2.68 2.86049
-2.67 2.85112
-2.66 2.84176
-2.65 2.8324
-2.64 2.82305
-2.63 2.8137
-2.62 2.80435
-2.61 2.79501
-2.6 2.78568
-2.59 2.77635
-2.58 2.76702
-2.57 2.7577
-2.56 2.74838
-2.55 2.73907
-2.54 2.72976
-2.53 2.72046
-2.52 2.71116
-2.51 2.70187
-2.5 2.69258
-2.49 2.6833
-2.48 2.67402
-2.47 2.66475
-2.46 2.65548
-2.45 2.64622
-2.44 2.63697
-2.43 2.62772
-2.42 2.61847
-2.41 2.60923
-2.4 2.6
-2.39 2.59077
-2.38 2.58155
-2.37 2.57233
-2.36 2.56312
-2.35 2.55392
-2.34 2.54472
-2.33 2.53553
-2.32 2.52634
-2.31 2.51716
-2.3 2.50799
-2.29 2.49882
-2.28 2.48966
-2.27 2.4805
-2.26 2.47136
-2.25 2.46221
-2.24 2.45308
-2.23 2.44395
-2.22 2.43483
-2.21 2.42572
-2.2 2.41661
-2.19 2.40751
-2.18 2.39842
-2.17 2.38933
-2.16 2.38025
-2.15 2.37118
-2.14 2.36212
-2.13 2.35306
-2.12 2.34401
-2.11 2.33497
-2.1 2.32594
-2.09 2.31692
-2.08 2.3079
-2.07 2.29889
-2.06 2.28989
-2.05 2.2809
-2.04 2.27192
-2.03 2.26294
-2.02 2.25397
-2.01 2.24502
-2 2.23607
-1.99 2.22713
-1.98 2.2182
-1.97 2.20928
-1.96 2.20036
-1.95 2.19146
-1.94 2.18257
-1.93 2.17368
-1.92 2.16481
-1.91 2.15595
-1.9 2.14709
-1.89 2.13825
-1.88 2.12941
-1.87 2.12059
-1.86 2.11178
-1.85 2.10297
-1.84 2.09418
-1.83 2.0854
-1.82 2.07663
-1.81 2.06787
-1.8 2.05913
-1.79 2.05039
-1.78 2.04167
-1.77 2.03295
-1.76 2.02425
-1.75 2.01556
-1.74 2.00689
-1.73 1.99822
-1.72 1.98957
-1.71 1.98093
-1.7 1.97231
-1.69 1.9637
-1.68 1.9551
-1.67 1.94651
-1.66 1.93794
-1.65 1.92938
-1.64 1.92083
-1.63 1.9123
-1.62 1.90379
-1.61 1.89528
-1.6 1.8868
-1.59 1.87832
-1.58 1.86987
-1.57 1.86142
-1.56 1.853
-1.55 1.84459
-1.54 1.83619
-1.53 1.82781
-1.52 1.81945
-1.51 1.8111
-1.5 1.80278
-1.49 1.79446
-1.48 1.78617
-1.47 1.77789
-1.46 1.76963
-1.45 1.76139
-1.44 1.75317
-1.43 1.74496
-1.42 1.73678
-1.41 1.72861
-1.4 1.72047
-1.39 1.71234
-1.38 1.70423
-1.37 1.69614
-1.36 1.68808
-1.35 1.68003
-1.34 1.672
-1.33 1.664
-1.32 1.65602
-1.31 1.64806
-1.3 1.64012
-1.29 1.63221
-1.28 1.62432
-1.27 1.61645
-1.26 1.6086
-1.25 1.60078
-1.24 1.59298
-1.23 1.58521
-1.22 1.57747
-1.21 1.56975
-1.2 1.56205
-1.19 1.55438
-1.18 1.54674
-1.17 1.53912
-1.16 1.53154
-1.15 1.52398
-1.14 1.51644
-1.13 1.50894
-1.12 1.50147
-1.11 1.49402
-1.1 1.48661
-1.09 1.47922
-1.08 1.47187
-1.07 1.46455
-1.06 1.45726
-1.05 1.45
-1.04 1.44278
-1.03 1.43558
-1.02 1.42843
-1.01 1.4213
-1 1.41421
-0.99 1.40716
-0.98 1.40014
-0.97 1.39316
-0.96 1.38622
-0.95 1.37931
-0.94 1.37244
-0.93 1.36561
-0.92 1.35882
-0.91 1.35207
-0.9 1.34536
-0.89 1.33869
-0.88 1.33207
-0.87 1.32548
-0.86 1.31894
-0.85 1.31244
-0.84 1.30599
-0.83 1.29958
-0.82 1.29321
-0.81 1.2869
-0.8 1.28062
-0.79 1.2744
-0.78 1.26823
-0.77 1.2621
-0.76 1.25603
-0.75 1.25
-0.74 1.24403
-0.73 1.2381
-0.72 1.23223
-0.71 1.22642
-0.7 1.22066
-0.69 1.21495
-0.68 1.2093
-0.67 1.2037
-0.66 1.19817
-0.65 1.19269
-0.64 1.18727
-0.63 1.18191
-0.62 1.17661
-0.61 1.17137
-0.6 1.16619
-0.59 1.16108
-0.58 1.15603
-0.57 1.15104
-0.56 1.14612
-0.55 1.14127
-0.54 1.13649
-0.53 1.13177
-0.52 1.12712
-0.51 1.12254
-0.5 1.11803
-0.49 1.1136
-0.48 1.10923
-0.47 1.10494
-0.46 1.10073
-0.45 1.09659
-0.44 1.09252
-0.43 1.08853
-0.42 1.08462
-0.41 1.08079
-0.4 1.07703
-0.39 1.07336
-0.38 1.06977
-0.37 1.06626
-0.36 1.06283
-0.35 1.05948
-0.34 1.05622
-0.33 1.05304
-0.32 1.04995
-0.31 1.04695
-0.3 1.04403
-0.29 1.0412
-0.28 1.03846
-0.27 1.03581
-0.26 1.03325
-0.25 1.03078
-0.24 1.0284
-0.23 1.02611
-0.22 1.02391
-0.21 1.02181
-0.2 1.0198
-0.19 1.01789
-0.18 1.01607
-0.17 1.01435
-0.16 1.01272
-0.15 1.01119
-0.14 1.00975
-0.13 1.00841
-0.12 1.00717
-0.11 1.00603
-0.1 1.00499
-0.09 1.00404
-0.08 1.00319
-0.07 1.00245
-0.06 1.0018
-0.05 1.00125
-0.04 1.0008
-0.03 1.00045
-0.02 1.0002
-0.01 1.00005
-1.68889e-13 1
0.01 1.00005
0.02 1.0002
0.03 1.00045
0.04 1.0008
0.05 1.00125
0.06 1.0018
0.07 1.00245
0.08 1.00319
0.09 1.00404
0.1 1.00499
0.11 1.00603
0.12 1.00717
0.13 1.00841
0.14 1.00975
0.15 1.01119
0.16 1.01272
0.17 1.01435
0.18 1.01607
0.19 1.01789
0.2 1.0198
0.21 1.02181
0.22 1.02391
0.23 1.02611
0.24 1.0284
0.25 1.03078
0.26 1.03325
0.27 1.03581
0.28 1.03846
0.29 1.0412
0.3 1.04403
0.31 1.04695
0.32 1.04995
0.33 1.05304
0.34 1.05622
0.35 1.05948
0.36 1.06283
0.37 1.06626
0.38 1.06977
0.39 1.07336
0.4 1.07703
0.41 1.08079
0.42 1.08462
0.43 1.08853
0.44 1.09252
0.45 1.09659
0.46 1.10073
0.47 1.10494
0.48 1.10923
0.49 1.1136
0.5 1.11803
0.51 1.12254
0.52 1.12712
0.53 1.13177
0.54 1.13649
0.55 1.14127
0.56 1.14612
0.57 1.15104
0.58 1.15603
0.59 1.16108
0.6 1.16619
0.61 1.17137
0.62 1.17661
0.63 1.18191
0.64 1.18727
0.65 1.19269
0.66 1.19817
0.67 1.2037
0.68 1.2093
0.69 1.21495
0.7 1.22066
0.71 1.22642
0.72 1.23223
0.73 1.2381
0.74 1.24403
0.75 1.25
0.76 1.25603
0.77 1.2621
0.78 1.26823
0.79 1.2744
0.8 1.28062
0.81 1.2869
0.82 1.29321
0.83 1.29958
0.84 1.30599
0.85 1.31244
0.86 1.31894
0.87 1.32548
0.88 1.33207
0.89 1.33869
0.9 1.34536
0.91 1.35207
0.92 1.35882
0.93 1.36561
0.94 1.37244
0.95 1.37931
0.96 1.38622
0.97 1.39316
0.98 1.40014
0.99 1.40716
1 1.41421
1.01 1.4213
1.02 1.42843
1.03 1.43558
1.04 1.44278
1.05 1.45
1.06 1.45726
1.07 1.46455
1.08 1.47187
1.09 1.47922
1.1 1.48661
1.11 1.49402
1.12 1.50147
1.13 1.50894
1.14 1.51644
1.15 1.52398
1.16 1.53154
1.17 1.53912
1.18 1.54674
1.19 1.55438
1.2 1.56205
1.21 1.56975
1.22 1.57747
1.23 1.58521
1.24 1.59298
1.25 1.60078
1.26 1.6086
1.27 1.61645
1.28 1.62432
1.29 1.63221
1.3 1.64012
1.31 1.64806
1.32 1.65602
1.33 1.664
1.34 1.672
1.35 1.68003
1.36 1.68808
1.37 1.69614
1.38 1.70423
1.39 1.71234
1.4 1.72047
1.41 1.72861
1.42 1.73678
1.43 1.74496
1.44 1.75317
1.45 1.76139
1.46 1.76963
1.47 1.77789
1.48 1.78617
1.49 1.79446
1.5 1.80278
1.51 1.8111
1.52 1.81945
1.53 1.82781
1.54 1.83619
1.55 1.84459
1.56 1.853
1.57 1.86142
1.58 1.86987
1.59 1.87832
1.6 1.8868
1.61 1.89528
1.62 1.90379
1.63 1.9123
1.64 1.92083
1.65 1.92938
1.66 1.93794
1.67 1.94651
1.68 1.9551
1.69 1.9637
1.7 1.97231
1.71 1.98093
1.72 1.98957
1.73 1.99822
1.74 2.00689
1.75 2.01556
1.76 2.02425
1.77 2.03295
1.78 2.04167
1.79 2.05039
1.8 2.05913
1.81 2.06787
1.82 2.07663
1.83 2.0854
1.84 2.09418
1.85 2.10297
1.86 2.11178
1.87 2.12059
1.88 2.12941
1.89 2.13825
1.9 2.14709
1.91 2.15595
1.92 2.16481
1.93 2.17368
1.94 2.18257
1.95 2.19146
1.96 2.20036
1.97 2.20928
1.98 2.2182
1.99 2.22713
2 2.23607
2.01 2.24502
2.02 2.25397
2.03 2.26294
2.04 2.27192
2.05 2.2809
2.06 2.28989
2.07 2.29889
2.08 2.3079
2.09 2.31692
2.1 2.32594
2.11 2.33497
2.12 2.34401
2.13 2.35306
2.14 2.36212
2.15 2.37118
2.16 2.38025
2.17 2.38933
2.18 2.39842
2.19 2.40751
2.2 2.41661
2.21 2.42572
2.22 2.43483
2.23 2.44395
2.24 2.45308
2.25 2.46221
2.26 2.47136
2.27 2.4805
2.28 2.48966
2.29 2.49882
2.3 2.50799
2.31 2.51716
2.32 2.52634
2.33 2.53553
2.34 2.54472
2.35 2.55392
2.36 2.56312
2.37 2.57233
2.38 2.58155
2.39 2.59077
2.4 2.6
2.41 2.60923
2.42 2.61847
2.43 2.62772
2.44 2.63697
2.45 2.64622
2.46 2.65548
2.47 2.66475
2.48 2.67402
2.49 2.6833
2.5 2.69258
2.51 2.70187
2.52 2.71116
2.53 2.72046
2.54 2.72976
2.55 2.73907
2.56 2.74838
2.57 2.7577
2.58 2.76702
2.59 2.77635
2.6 2.78568
2.61 2.79501
2.62 2.80435
2.63 2.8137
2.64 2.82305
2.65 2.8324
2.66 2.84176
2.67 2.85112
2.68 2.86049
2.69 2.86986
2.7 2.87924
2.71 2.88862
2.72 2.898
2.73 2.90739
2.74 2.91678
2.75 2.92617
2.76 2.93557
2.77 2.94498
2.78 2.95439
2.79 2.9638
2.8 2.97321
2.81 2.98263
2.82 2.99206
2.83 3.00148
2.84 3.01091
2.85 3.02035
2.86 3.02979
2.87 3.03923
2.88 3.04867
2.89 3.05812
2.9 3.06757
2.91 3.07703
2.92 3.08649
2.93 3.09595
2.94 3.10541
2.95 3.11488
2.96 3.12436
2.97 3.13383
2.98 3.14331
2.99 3.15279
3 3.16228
3.01 3.17177
3.02 3.18126
3.03 3.19075
3.04 3.20025
3.05 3.20975
3.06 3.21925
3.07 3.22876
3.08 3.23827
3.09 3.24778
3.1 3.2573
3.11 3.26682
3.12 3.27634
3.13 3.28586
3.14 3.29539
3.15 3.30492
3.16 3.31445
3.17 3.32399
3.18 3.33353
3.19 3.34307
3.2 3.35261
3.21 3.36216
3.22 3.37171
3.23 3.38126
3.24 3.39081
3.25 3.40037
3.26 3.40993
3.27 3.41949
3.28 3.42905
3.29 3.43862
3.3 3.44819
3.31 3.45776
3.32 3.46733
3.33 3.47691
3.34 3.48649
3.35 3.49607
3.36 3.50565
3.37 3.51524
3.38 3.52483
3.39 3.53442
3.4 3.54401
3.41 3.5536
3.42 3.5632
3.43 3.5728
3.44 3.5824
3.45 3.59201
3.46 3.60161
3.47 3.61122
3.48 3.62083
3.49 3.63044
3.5 3.64005
3.51 3.64967
3.52 3.65929
3.53 3.66891
3.54 3.67853
3.55 3.68816
3.56 3.69778
3.57 3.70741
3.58 3.71704
3.59 3.72667
3.6 3.73631
3.61 3.74594
3.62 3.75558
3.63 3.76522
3.64 3.77486
3.65 3.78451
3.66 3.79415
3.67 3.8038
3.68 3.81345
3.69 3.8231
3.7 3.83275
3.71 3.84241
3.72 3.85206
3.73 3.86172
3.74 3.87138
3.75 3.88104
3.76 3.89071
3.77 3.90037
3.78 3.91004
3.79 3.91971
3.8 3.92938
3.81 3.93905
3.82 3.94872
3.83 3.9584
3.84 3.96807
3.85 3.97775
3.86 3.98743
3.87 3.99711
3.88 4.00679
3.89 4.01648
3.9 4.02616
3.91 4.03585
3.92 4.04554
3.93 4.05523
3.94 4.06492
3.95 4.07462
3.96 4.08431
3.97 4.09401
3.98 4.10371
3.99 4.1134
4 4.12311
4.01 4.13281
4.02 4.14251
4.03 4.15222
4.04 4.16192
4.05 4.17163
4.06 4.18134
4.07 4.19105
4.08 4.20076
4.09 4.21048
4.1 4.22019
4.11 4.22991
4.12 4.23962
4.13 4.24934
4.14 4.25906
4.15 4.26878
4.16 4.2785
4.17 4.28823
4.18 4.29795
4.19 4.30768
4.2 4.31741
4.21 4.32714
4.22 4.33687
4.23 4.3466
4.24 4.35633
4.25 4.36606
4.26 4.3758
4.27 4.38553
4.28 4.39527
4.29 4.40501
4.3 4.41475
4.31 4.42449
4.32 4.43423
4.33 4.44397
4.34 4.45372
4.35 4.46346
4.36 4.47321
4.37 4.48296
4.38 4.49271
4.39 4.50245
4.4 4.51221
4.41 4.52196
4.42 4.53171
4.43 4.54146
4.44 4.55122
4.45 4.56098
4.46 4.57073
4.47 4.58049
4.48 4.59025
4.49 4.60001
4.5 4.60977
4.51 4.61953
4.52 4.6293
4.53 4.63906
4.54 4.64883
4.55 4.65859
4.56 4.66836
4.57 4.67813
4.58 4.6879
4.59 4.69767
4.6 4.70744
4.61 4.71721
4.62 4.72699
4.63 4.73676
4.64 4.74654
4.65 4.75631
4.66 4.76609
4.67 4.77587
4.68 4.78565
4.69 4.79542
4.7 4.80521
4.71 4.81499
4.72 4.82477
4.73 4.83455
4.74 4.84434
4.75 4.85412
4.76 4.86391
4.77 4.87369
4.78 4.88348
4.79 4.89327
4.8 4.90306
4.81 4.91285
4.82 4.92264
4.83 4.93243
4.84 4.94223
4.85 4.95202
4.86 4.96181
4.87 4.97161
4.88 4.98141
4.89 4.9912
4.9 5.001
4.91 5.0108
4.92 5.0206
4.93 5.0304
4.94 5.0402
4.95 5.05
4.96 5.0598
4.97 5.06961
4.98 5.07941
4.99 5.08921
5 5.09902
5.01 5.10883
5.02 5.11863
5.03 5.12844
5.04 5.13825
5.05 5.14806
5.06 5.15787
5.07 5.16768
5.08 5.17749
5.09 5.1873
5.1 5.19711
5.11 5.20693
5.12 5.21674
5.13 5.22656
5.14 5.23637
5.15 5.24619
5.16 5.25601
5.17 5.26582
5.18 5.27564
5.19 5.28546
5.2 5.29528
5.21 5.3051
5.22 5.31492
5.23 5.32474
5.24 5.33457
5.25 5.34439
5.26 5.35421
5.27 5.36404
5.28 5.37386
5.29 5.38369
5.3 5.39351
5.31 5.40334
5.32 5.41317
5.33 5.423
5.34 5.43283
5.35 5.44266
5.36 5.45249
5.37 5.46232
5.38 5.47215
5.39 5.48198
5.4 5.49181
5.41 5.50165
5.42 5.51148
5.43 5.52131
5.44 5.53115
5.45 5.54098
5.46 5.55082
5.47 5.56066
5.48 5.57049
5.49 5.58033
5.5 5.59017
5.51 5.60001
5.52 5.60985
5.53 5.61969
5.54 5.62953
5.55 5.63937
5.56 5.64921
5.57 5.65905
5.58 5.6689
5.59 5.67874
5.6 5.68859
5.61 5.69843
5.62 5.70827
5.63 5.71812
5.64 5.72797
5.65 5.73781
5.66 5.74766
5.67 5.75751
5.68 5.76736
5.69 5.77721
5.7 5.78705
5.71 5.7969
5.72 5.80675
5.73 5.81661
5.74 5.82646
5.75 5.83631
5.76 5.84616
5.77 5.85601
5.78 5.86587
5.79 5.87572
5.8 5.88558
5.81 5.89543
5.82 5.90529
5.83 5.91514
5.84 5.925
5.85 5.93485
5.86 5.94471
5.87 5.95457
5.88 5.96443
5.89 5.97429
5.9 5.98415
5.91 5.99401
5.92 6.00387
5.93 6.01373
5.94 6.02359
5.95 6.03345
5.96 6.04331
5.97 6.05317
5.98 6.06304
5.99 6.0729
6 6.08276
6.01 6.09263
6.02 6.10249
6.03 6.11236
6.04 6.12222
6.05 6.13209
6.06 6.14195
6.07 6.15182
6.08 6.16169
6.09 6.17156
6.1 6.18142
6.11 6.19129
6.12 6.20116
6.13 6.21103
6.14 6.2209
6.15 6.23077
6.16 6.24064
6.17 6.25051
6.18 6.26038
6.19 6.27026
6.2 6.28013
6.21 6.29
6.22 6.29987
6.23 6.30975
6.24 6.31962
6.25 6.32949
6.26 6.33937
6.27 6.34924
6.28 6.35912
6.29 6.369
6.3 6.37887
6.31 6.38875
6.32 6.39862
6.33 6.4085
6.34 6.41838
6.35 6.42826
6.36 6.43814
6.37 6.44802
6.38 6.45789
6.39 6.46777
6.4 6.47765
6.41 6.48753
6.42 6.49741
6.43 6.5073
6.44 6.51718
6.45 6.52706
6.46 6.53694
6.47 6.54682
6.48 6.55671
6.49 6.56659
6.5 6.57647
6.51 6.58636
6.52 6.59624
6.53 6.60613
6.54 6.61601
6.55 6.6259
6.56 6.63578
6.57 6.64567
6.58 6.65555
6.59 6.66544
6.6 6.67533
6.61 6.68522
6.62 6.6951
6.63 6.70499
6.64 6.71488
6.65 6.72477
6.66 6.73466
6.67 6.74455
6.68 6.75444
6.69 6.76433
6.7 6.77422
6.71 6.78411
6.72 6.794
6.73 6.80389
6.74 6.81378
6.75 6.82367
6.76 6.83356
6.77 6.84346
6.78 6.85335
6.79 6.86324
6.8 6.87314
6.81 6.88303
6.82 6.89292
6.83 6.90282
6.84 6.91271
6.85 6.92261
6.86 6.9325
6.87 6.9424
6.88 6.95229
6.89 6.96219
6.9 6.97209
6.91 6.98198
6.92 6.99188
6.93 7.00178
6.94 7.01168
6.95 7.02157
6.96 7.03147
6.97 7.04137
6.98 7.05127
6.99 7.06117
7 7.07107
7.01 7.08097
7.02 7.09087
7.03 7.10077
7.04 7.11067
7.05 7.12057
7.06 7.13047
7.07 7.14037
7.08 7.15027
7.09 7.16017
7.1 7.17008
7.11 7.17998
7.12 7.18988
7.13 7.19978
7.14 7.20969
7.15 7.21959
7.16 7.2295
7.17 7.2394
7.18 7.2493
7.19 7.25921
7.2 7.26911
7.21 7.27902
7.22 7.28892
7.23 7.29883
7.24 7.30873
7.25 7.31864
7.26 7.32855
7.27 7.33845
7.28 7.34836
7.29 7.35827
7.3 7.36817
7.31 7.37808
7.32 7.38799
7.33 7.3979
7.34 7.40781
7.35 7.41772
7.36 7.42762
7.37 7.43753
7.38 7.44744
7.39 7.45735
7.4 7.46726
7.41 7.47717
7.42 7.48708
7.43 7.49699
7.44 7.5069
7.45 7.51681
7.46 7.52673
7.47 7.53664
7.48 7.54655
7.49 7.55646
7.5 7.56637
7.51 7.57629
7.52 7.5862
7.53 7.59611
7.54 7.60602
7.55 7.61594
7.56 7.62585
7.57 7.63576
7.58 7.64568
7.59 7.65559
7.6 7.66551
7.61 7.67542
7.62 7.68534
7.63 7.69525
7.64 7.70517
7.65 7.71508
7.66 7.725
7.67 7.73491
7.68 7.74483
7.69 7.75475
7.7 7.76466
7.71 7.77458
7.72 7.7845
7.73 7.79441
7.74 7.80433
7.75 7.81425
7.76 7.82417
7.77 7.83409
7.78 7.844
7.79 7.85392
7.8 7.86384
7.81 7.87376
7.82 7.88368
7.83 7.8936
7.84 7.90352
7.85 7.91344
7.86 7.92336
7.87 7.93328
7.88 7.9432
7.89 7.95312
7.9 7.96304
7.91 7.97296
7.92 7.98288
7.93 7.9928
7.94 8.00272
7.95 8.01265
7.96 8.02257
7.97 8.03249
7.98 8.04241
7.99 8.05234
8 8.06226
8.01 8.07218
8.02 8.0821
8.03 8.09203
8.04 8.10195
8.05 8.11187
8.06 8.1218
8.07 8.13172
8.08 8.14165
8.09 8.15157
8.1 8.16149
8.11 8.17142
8.12 8.18134
8.13 8.19127
8.14 8.2012
8.15 8.21112
8.16 8.22105
8.17 8.23097
8.18 8.2409
8.19 8.25082
8.2 8.26075
8.21 8.27068
8.22 8.2806
8.23 8.29053
8.24 8.30046
8.25 8.31039
8.26 8.32031
8.27 8.33024
8.28 8.34017
8.29 8.3501
8.3 8.36002
8.31 8.36995
8.32 8.37988
8.33 8.38981
8.34 8.39974
8.35 8.40967
8.36 8.4196
8.37 8.42953
8.38 8.43945
8.39 8.44938
8.4 8.45931
8.41 8.46924
8.42 8.47917
8.43 8.4891
8.44 8.49904
8.45 8.50897
8.46 8.5189
8.47 8.52883
8.48 8.53876
8.49 8.54869
8.5 8.55862
8.51 8.56855
8.52 8.57848
8.53 8.58842
8.54 8.59835
8.55 8.60828
8.56 8.61821
8.57 8.62815
8.58 8.63808
8.59 8.64801
8.6 8.65794
8.61 8.66788
8.62 8.67781
8.63 8.68774
8.64 8.69768
8.65 8.70761
8.66 8.71755
8.67 8.72748
8.68 8.73741
8.69 8.74735
8.7 8.75728
8.71 8.76722
8.72 8.77715
8.73 8.78709
8.74 8.79702
8.75 8.80696
8.76 8.81689
8.77 8.82683
8.78 8.83676
8.79 8.8467
8.8 8.85664
8.81 8.86657
8.82 8.87651
8.83 8.88644
8.84 8.89638
8.85 8.90632
8.86 8.91625
8.87 8.92619
8.88 8.93613
8.89 8.94607
8.9 8.956
8.91 8.96594
8.92 8.97588
8.93 8.98582
8.94 8.99575
8.95 9.00569
8.96 9.01563
8.97 9.02557
8.98 9.03551
8.99 9.04545
9 9.05539
9.01 9.06532
9.02 9.07526
9.03 9.0852
9.04 9.09514
9.05 9.10508
9.06 9.11502
9.07 9.12496
9.08 9.1349
9.09 9.14484
9.1 9.15478
9.11 9.16472
9.12 9.17466
9.13 9.1846
9.14 9.19454
9.15 9.20448
9.16 9.21442
9.17 9.22436
9.18 9.23431
9.19 9.24425
9.2 9.25419
9.21 9.26413
9.22 9.27407
9.23 9.28401
9.24 9.29396
9.25 9.3039
9.26 9.31384
9.27 9.32378
9.28 9.33372
9.29 9.34367
9.3 9.35361
9.31 9.36355
9.32 9.37349
9.33 9.38344
9.34 9.39338
9.35 9.40332
9.36 9.41327
9.37 9.42321
9.38 9.43315
9.39 9.4431
9.4 9.45304
9.41 9.46299
9.42 9.47293
9.43 9.48287
9.44 9.49282
9.45 9.50276
9.46 9.51271
9.47 9.52265
9.48 9.5326
9.49 9.54254
9.5 9.55249
9.51 9.56243
9.52 9.57238
9.53 9.58232
9.54 9.59227
9.55 9.60221
9.56 9.61216
9.57 9.6221
9.58 9.63205
9.59 9.642
9.6 9.65194
9.61 9.66189
9.62 9.67184
9.63 9.68178
9.64 9.69173
9.65 9.70168
9.66 9.71162
9.67 9.72157
9.68 9.73152
9.69 9.74146
9.7 9.75141
9.71 9.76136
9.72 9.7713
9.73 9.78125
9.74 9.7912
9.75 9.80115
9.76 9.8111
9.77 9.82104
9.78 9.83099
9.79 9.84094
9.8 9.85089
9.81 9.86084
9.82 9.87079
9.83 9.88073
9.84 9.89068
9.85 9.90063
9.86 9.91058
9.87 9.92053
9.88 9.93048
9.89 9.94043
9.9 9.95038
9.91 9.96033
9.92 9.97028
9.93 9.98023
9.94 9.99018
9.95 10.0001
9.96 10.0101
9.97 10.02
9.98 10.03
9.99 10.0399
10 10.0499
