0.145 9.26561
0.155 8.87381
0.165 8.53307
0.175 8.23463
0.185 7.97164
0.195 7.73864
0.205 7.53125
0.215 7.34589
0.225 7.17962
0.235 7.03001
0.245 6.89501
0.255 6.77291
0.265 6.66225
0.275 6.56178
0.285 6.47042
0.295 6.38726
0.305 6.31147
0.315 6.24237
0.325 6.17934
0.335 6.12182
0.345 6.06935
0.355 6.02149
0.365 5.97786
0.375 5.93813
0.385 5.902
0.395 5.86919
0.405 5.83945
0.415 5.81256
0.425 5.78832
0.435 5.76655
0.445 5.74709
0.455 5.72977
0.465 5.71446
0.475 5.70104
0.485 5.68939
0.495 5.67939
0.505 5.67096
0.515 5.664
0.525 5.65843
0.535 5.65416
0.545 5.65113
0.555 5.64927
0.565 5.64852
0.575 5.64882
0.585 5.65012
0.595 5.65236
0.605 5.6555
0.615 5.6595
0.625 5.66431
0.635 5.66989
0.645 5.67622
0.655 5.68325
0.665 5.69096
0.675 5.69931
0.685 5.70827
0.695 5.71783
0.705 5.72795
0.715 5.73861
0.725 5.74979
0.735 5.76146
0.745 5.77361
0.755 5.78622
0.765 5.79927
0.775 5.81274
0.785 5.82662
0.795 5.84089
0.805 5.85554
0.815 5.87055
0.825 5.88591
0.835 5.90161
0.845 5.91764
0.855 5.93397
0.865 5.95061
0.875 5.96755
0.885 5.98476
0.895 6.00225
0.905 6.02
0.915 6.03801
0.925 6.05627
0.935 6.07476
0.945 6.09349
0.955 6.11244
0.965 6.13161
0.975 6.15099
0.985 6.17057
0.995 6.19035
1.005 6.21033
1.015 6.23049
1.025 6.25083
1.035 6.27134
1.045 6.29203
1.055 6.31289
1.065 6.3339
1.075 6.35507
1.085 6.3764
1.095 6.39787
1.105 6.41949
1.115 6.44125
1.125 6.46314
1.135 6.48517
1.145 6.50732
1.155 6.5296
1.165 6.55201
1.175 6.57454
1.185 6.59718
1.195 6.61993
1.205 6.6428
1.215 6.66578
1.225 6.68886
1.235 6.71204
1.245 6.73532
1.255 6.75871
1.265 6.78218
1.275 6.80575
1.285 6.82942
1.295 6.85317
1.305 6.87701
1.315 6.90093
1.325 6.92494
1.335 6.94903
1.345 6.9732
1.355 6.99745
1.365 7.02177
1.375 7.04617
1.385 7.07064
1.395 7.09518
1.405 7.11979
1.415 7.14447
1.425 7.16921
1.435 7.19403
1.445 7.2189
1.455 7.24384
1.465 7.26884
1.475 7.2939
1.485 7.31902
1.495 7.3442
1.505 7.36943
1.515 7.39472
1.525 7.42006
1.535 7.44546
1.545 7.47091
1.555 7.49641
1.565 7.52196
1.575 7.54756
1.585 7.57321
1.595 7.59891
1.605 7.62465
1.615 7.65044
1.625 7.67627
1.635 7.70215
1.645 7.72807
1.655 7.75404
1.665 7.78004
1.675 7.80609
1.685 7.83218
1.695 7.8583
1.705 7.88447
1.715 7.91067
1.725 7.93691
1.735 7.96319
1.745 7.98951
1.755 8.01586
1.765 8.04224
1.775 8.06866
1.785 8.09511
1.795 8.1216
1.805 8.14812
1.815 8.17467
1.825 8.20126
1.835 8.22787
1.845 8.25451
1.855 8.28119
1.865 8.30789
1.875 8.33463
1.885 8.36139
1.895 8.38818
1.905 8.415
1.915 8.44185
1.925 8.46872
1.935 8.49562
1.945 8.52255
1.955 8.5495
1.965 8.57648
1.975 8.60348
1.985 8.6305
1.995 8.65755
2.005 8.68463
2.015 8.71173
2.025 8.73885
2.035 8.76599
2.045 8.79316
2.055 8.82035
2.065 8.84756
2.075 8.87479
2.085 8.90204
2.095 8.92932
2.105 8.95661
2.115 8.98393
2.125 9.01126
2.135 9.03862
2.145 9.06599
2.155 9.09338
2.165 9.1208
2.175 9.14823
2.185 9.17568
2.195 9.20314
2.205 9.23063
2.215 9.25813
2.225 9.28565
2.235 9.31319
2.245 9.34075
2.255 9.36832
2.265 9.3959
2.275 9.42351
2.285 9.45113
2.295 9.47877
2.305 9.50642
2.315 9.53408
2.325 9.56177
2.335 9.58946
2.345 9.61718
2.355 9.6449
2.365 9.67265
2.375 9.7004
2.385 9.72817
2.395 9.75596
2.405 9.78375
2.415 9.81156
2.425 9.83939
2.435 9.86723
2.445 9.89508
2.455 9.92294
2.465 9.95082
2.475 9.97871
2.485 10.0066
2.495 10.0345
2.505 10.0625
2.515 10.0904
2.525 10.1183
2.535 10.1463
2.545 10.1743
2.555 10.2023
2.565 10.2303
2.575 10.2583
2.585 10.2863
2.595 10.3143
2.605 10.3424
2.615 10.3704
2.625 10.3985
2.635 10.4265
2.645 10.4546
2.655 10.4827
2.665 10.5108
2.675 10.5389
2.685 10.5671
2.695 10.5952
2.705 10.6233
2.715 10.6515
2.725 10.6797
2.735 10.7078
2.745 10.736
2.755 10.7642
2.765 10.7924
2.775 10.8206
2.785 10.8488
2.795 10.877
2.805 10.9053
2.815 10.9335
2.825 10.9618
2.835 10.99
2.845 11.0183
2.855 11.0466
2.865 11.0749
2.875 11.1031
2.885 11.1314
2.895 11.1598
