0.145 9.26561 10.5855 7.94573
0.155 8.87381 10.1487 7.59894
0.165 8.53307 9.76917 7.29696
0.175 8.23463 9.43715 7.03211
0.185 7.97164 9.14491 6.79837
0.195 7.73864 8.88634 6.59095
0.205 7.53125 8.6565 6.406
0.215 7.34589 8.45139 6.24038
0.225 7.17962 8.26771 6.09153
0.235 7.03001 8.10272 5.95729
0.245 6.89501 7.95414 5.83588
0.255 6.77291 7.82004 5.72578
0.265 6.66225 7.69877 5.62573
0.275 6.56178 7.58894 5.53462
0.285 6.47042 7.48934 5.45151
0.295 6.38726 7.39893 5.37558
0.305 6.31147 7.31681 5.30614
0.315 6.24237 7.24219 5.24256
0.325 6.17934 7.17437 5.1843
0.335 6.12182 7.11275 5.13089
0.345 6.06935 7.05679 5.0819
0.355 6.02149 7.00601 5.03696
0.365 5.97786 6.95998 4.99574
0.375 5.93813 6.91833 4.95794
0.385 5.902 6.88071 4.92329
0.395 5.86919 6.84682 4.89156
0.405 5.83945 6.81637 4.86252
0.415 5.81256 6.78913 4.83599
0.425 5.78832 6.76486 4.81178
0.435 5.76655 6.74336 4.78974
0.445 5.74709 6.72445 4.76972
0.455 5.72977 6.70795 4.75159
0.465 5.71446 6.69371 4.73522
0.475 5.70104 6.68158 4.72051
0.485 5.68939 6.67143 4.70734
0.495 5.67939 6.66315 4.69564
0.505 5.67096 6.65662 4.6853
0.515 5.664 6.65174 4.67626
0.525 5.65843 6.64842 4.66843
0.535 5.65416 6.64657 4.66175
0.545 5.65113 6.64611 4.65616
0.555 5.64927 6.64695 4.65159
0.565 5.64852 6.64905 4.648
0.575 5.64882 6.65232 4.64532
0.585 5.65012 6.65671 4.64353
0.595 5.65236 6.66216 4.64256
0.605 5.6555 6.66862 4.64238
0.615 5.6595 6.67604 4.64295
0.625 5.66431 6.68438 4.64424
0.635 5.66989 6.69358 4.64621
0.645 5.67622 6.70362 4.64882
0.655 5.68325 6.71445 4.65206
0.665 5.69096 6.72603 4.65589
0.675 5.69931 6.73834 4.66028
0.685 5.70827 6.75133 4.66521
0.695 5.71783 6.76499 4.67066
0.705 5.72795 6.77929 4.67661
0.715 5.73861 6.79419 4.68303
0.725 5.74979 6.80967 4.6899
0.735 5.76146 6.82571 4.69721
0.745 5.77361 6.84228 4.70494
0.755 5.78622 6.85937 4.71307
0.765 5.79927 6.87695 4.72159
0.775 5.81274 6.89501 4.73048
0.785 5.82662 6.91352 4.73973
0.795 5.84089 6.93247 4.74932
0.805 5.85554 6.95185 4.75924
0.815 5.87055 6.97163 4.76947
0.825 5.88591 6.99181 4.78002
0.835 5.90161 7.01236 4.79086
0.845 5.91764 7.03328 4.80199
0.855 5.93397 7.05455 4.81339
0.865 5.95061 7.07617 4.82506
0.875 5.96755 7.09811 4.83699
0.885 5.98476 7.12036 4.84916
0.895 6.00225 7.14293 4.86157
0.905 6.02 7.16579 4.87422
0.915 6.03801 7.18894 4.88709
0.925 6.05627 7.21236 4.90017
0.935 6.07476 7.23605 4.91347
0.945 6.09349 7.26001 4.92697
0.955 6.11244 7.28421 4.94067
0.965 6.13161 7.30866 4.95455
0.975 6.15099 7.33335 4.96862
0.985 6.17057 7.35826 4.98288
0.995 6.19035 7.3834 4.9973
1.005 6.21033 7.40875 5.0119
1.015 6.23049 7.43432 5.02665
1.025 6.25083 7.46008 5.04157
1.035 6.27134 7.48605 5.05664
1.045 6.29203 7.5122 5.07186
1.055 6.31289 7.53854 5.08723
1.065 6.3339 7.56507 5.10274
1.075 6.35507 7.59176 5.11838
1.085 6.3764 7.61863 5.13416
1.095 6.39787 7.64567 5.15007
1.105 6.41949 7.67287 5.16611
1.115 6.44125 7.70022 5.18227
1.125 6.46314 7.72773 5.19855
1.135 6.48517 7.75539 5.21494
1.145 6.50732 7.78319 5.23145
1.155 6.5296 7.81114 5.24807
1.165 6.55201 7.83922 5.2648
1.175 6.57454 7.86744 5.28164
1.185 6.59718 7.89578 5.29857
1.195 6.61993 7.92426 5.31561
1.205 6.6428 7.95286 5.33274
1.215 6.66578 7.98158 5.34997
1.225 6.68886 8.01042 5.36729
1.235 6.71204 8.03938 5.3847
1.245 6.73532 8.06845 5.4022
1.255 6.75871 8.09763 5.41979
1.265 6.78218 8.12691 5.43746
1.275 6.80575 8.1563 5.45521
1.285 6.82942 8.1858 5.47304
1.295 6.85317 8.21539 5.49095
1.305 6.87701 8.24508 5.50894
1.315 6.90093 8.27487 5.527
1.325 6.92494 8.30475 5.54513
1.335 6.94903 8.33472 5.56334
1.345 6.9732 8.36479 5.58161
1.355 6.99745 8.39493 5.59996
1.365 7.02177 8.42517 5.61837
1.375 7.04617 8.45549 5.63685
1.385 7.07064 8.48589 5.65539
1.395 7.09518 8.51637 5.67399
1.405 7.11979 8.54693 5.69265
1.415 7.14447 8.57756 5.71138
1.425 7.16921 8.60827 5.73016
1.435 7.19403 8.63905 5.749
1.445 7.2189 8.66991 5.76789
1.455 7.24384 8.70083 5.78685
1.465 7.26884 8.73183 5.80585
1.475 7.2939 8.76289 5.82491
1.485 7.31902 8.79402 5.84402
1.495 7.3442 8.82521 5.86318
1.505 7.36943 8.85647 5.88239
1.515 7.39472 8.88779 5.90165
1.525 7.42006 8.91917 5.92096
1.535 7.44546 8.95061 5.94031
1.545 7.47091 8.98211 5.95971
1.555 7.49641 9.01367 5.97916
1.565 7.52196 9.04528 5.99864
1.575 7.54756 9.07695 6.01818
1.585 7.57321 9.10867 6.03775
1.595 7.59891 9.14045 6.05737
1.605 7.62465 9.17228 6.07703
1.615 7.65044 9.20416 6.09672
1.625 7.67627 9.23609 6.11646
1.635 7.70215 9.26807 6.13624
1.645 7.72807 9.3001 6.15605
1.655 7.75404 9.33217 6.1759
1.665 7.78004 9.3643 6.19579
1.675 7.80609 9.39647 6.21571
1.685 7.83218 9.42868 6.23567
1.695 7.8583 9.46094 6.25567
1.705 7.88447 9.49324 6.2757
1.715 7.91067 9.52559 6.29576
1.725 7.93691 9.55798 6.31585
1.735 7.96319 9.5904 6.33598
1.745 7.98951 9.62287 6.35614
1.755 8.01586 9.65538 6.37633
1.765 8.04224 9.68793 6.39655
1.775 8.06866 9.72052 6.4168
1.785 8.09511 9.75315 6.43708
1.795 8.1216 9.78581 6.45739
1.805 8.14812 9.81851 6.47773
1.815 8.17467 9.85125 6.4981
1.825 8.20126 9.88402 6.51849
1.835 8.22787 9.91683 6.53891
1.845 8.25451 9.94967 6.55936
1.855 8.28119 9.98254 6.57984
1.865 8.30789 10.0154 6.60034
1.875 8.33463 10.0484 6.62087
1.885 8.36139 10.0814 6.64142
1.895 8.38818 10.1144 6.662
1.905 8.415 10.1474 6.6826
1.915 8.44185 10.1805 6.70322
1.925 8.46872 10.2136 6.72387
1.935 8.49562 10.2467 6.74455
1.945 8.52255 10.2799 6.76524
1.955 8.5495 10.313 6.78596
1.965 8.57648 10.3463 6.8067
1.975 8.60348 10.3795 6.82746
1.985 8.6305 10.4128 6.84825
1.995 8.65755 10.4461 6.86905
2.005 8.68463 10.4794 6.88988
2.015 8.71173 10.5127 6.91072
2.025 8.73885 10.5461 6.93159
2.035 8.76599 10.5795 6.95248
2.045 8.79316 10.6129 6.97339
2.055 8.82035 10.6464 6.99431
2.065 8.84756 10.6799 7.01526
2.075 8.87479 10.7134 7.03622
2.085 8.90204 10.7469 7.0572
2.095 8.92932 10.7804 7.0782
2.105 8.95661 10.814 7.09922
2.115 8.98393 10.8476 7.12026
2.125 9.01126 10.8812 7.14132
2.135 9.03862 10.9148 7.16239
2.145 9.06599 10.9485 7.18348
2.155 9.09338 10.9822 7.20458
2.165 9.1208 11.0159 7.2257
2.175 9.14823 11.0496 7.24684
2.185 9.17568 11.0834 7.268
2.195 9.20314 11.1171 7.28917
2.205 9.23063 11.1509 7.31036
2.215 9.25813 11.1847 7.33156
2.225 9.28565 11.2185 7.35277
2.235 9.31319 11.2524 7.37401
2.245 9.34075 11.2862 7.39525
2.255 9.36832 11.3201 7.41652
2.265 9.3959 11.354 7.43779
2.275 9.42351 11.3879 7.45908
2.285 9.45113 11.4219 7.48039
2.295 9.47877 11.4558 7.50171
2.305 9.50642 11.4898 7.52304
2.315 9.53408 11.5238 7.54439
2.325 9.56177 11.5578 7.56575
2.335 9.58946 11.5918 7.58712
2.345 9.61718 11.6258 7.6085
2.355 9.6449 11.6599 7.6299
2.365 9.67265 11.694 7.65131
2.375 9.7004 11.7281 7.67274
2.385 9.72817 11.7622 7.69418
2.395 9.75596 11.7963 7.71562
2.405 9.78375 11.8304 7.73708
2.415 9.81156 11.8646 7.75856
2.425 9.83939 11.8987 7.78004
2.435 9.86723 11.9329 7.80154
2.445 9.89508 11.9671 7.82305
2.455 9.92294 12.0013 7.84456
2.465 9.95082 12.0355 7.8661
2.475 9.97871 12.0698 7.88764
2.485 10.0066 12.104 7.90919
2.495 10.0345 12.1383 7.93075
2.505 10.0625 12.1726 7.95233
2.515 10.0904 12.2069 7.97391
2.525 10.1183 12.2412 7.99551
2.535 10.1463 12.2755 8.01711
2.545 10.1743 12.3098 8.03873
2.555 10.2023 12.3442 8.06035
2.565 10.2303 12.3785 8.08199
2.575 10.2583 12.4129 8.10363
2.585 10.2863 12.4473 8.12529
2.595 10.3143 12.4817 8.14695
2.605 10.3424 12.5161 8.16863
2.615 10.3704 12.5505 8.19031
2.625 10.3985 12.5849 8.212
2.635 10.4265 12.6194 8.2337
2.645 10.4546 12.6538 8.25542
2.655 10.4827 12.6883 8.27714
2.665 10.5108 12.7228 8.29886
2.675 10.5389 12.7573 8.3206
2.685 10.5671 12.7918 8.34235
2.695 10.5952 12.8263 8.3641
2.705 10.6233 12.8608 8.38587
2.715 10.6515 12.8953 8.40764
2.725 10.6797 12.9299 8.42942
2.735 10.7078 12.9644 8.45121
2.745 10.736 12.999 8.473
2.755 10.7642 13.0336 8.49481
2.765 10.7924 13.0682 8.51662
2.775 10.8206 13.1028 8.53844
2.785 10.8488 13.1374 8.56027
2.795 10.877 13.172 8.58211
2.805 10.9053 13.2066 8.60395
2.815 10.9335 13.2412 8.6258
2.825 10.9618 13.2759 8.64766
2.835 10.99 13.3105 8.66952
2.845 11.0183 13.3452 8.6914
2.855 11.0466 13.3799 8.71328
2.865 11.0749 13.4145 8.73517
2.875 11.1031 13.4492 8.75706
2.885 11.1314 13.4839 8.77896
2.895 11.1598 13.5186 8.80087
