0.145 205.16
0.155 192.441
0.165 181.268
0.175 171.377
0.185 162.559
0.195 154.649
0.205 147.515
0.215 141.048
0.225 135.159
0.235 129.775
0.245 124.833
0.255 120.282
0.265 116.078
0.275 112.182
0.285 108.562
0.295 105.19
0.305 102.041
0.315 99.0954
0.325 96.333
0.335 93.7379
0.345 91.2954
0.355 88.9926
0.365 86.8182
0.375 84.7618
0.385 82.8141
0.395 80.9671
0.405 79.2131
0.415 77.5455
0.425 75.9582
0.435 74.4457
0.445 73.0028
0.455 71.6251
0.465 70.3082
0.475 69.0484
0.485 67.8422
0.495 66.6862
0.505 65.5775
0.515 64.5134
0.525 63.4913
0.535 62.5088
0.545 61.5637
0.555 60.6541
0.565 59.7781
0.575 58.9339
0.585 58.1198
0.595 57.3344
0.605 56.5762
0.615 55.844
0.625 55.1363
0.635 54.4522
0.645 53.7905
0.655 53.1501
0.665 52.5302
0.675 51.9298
0.685 51.348
0.695 50.7841
0.705 50.2372
0.715 49.7067
0.725 49.1919
0.735 48.6922
0.745 48.2069
0.755 47.7355
0.765 47.2774
0.775 46.8321
0.785 46.3991
0.795 45.978
0.805 45.5683
0.815 45.1696
0.825 44.7815
0.835 44.4036
0.845 44.0356
0.855 43.677
0.865 43.3277
0.875 42.9872
0.885 42.6552
0.895 42.3316
0.905 42.0159
0.915 41.708
0.925 41.4075
0.935 41.1143
0.945 40.8282
0.955 40.5488
0.965 40.276
0.975 40.0096
0.985 39.7493
0.995 39.4951
1.005 39.2467
1.015 39.0039
1.025 38.7667
1.035 38.5347
1.045 38.3079
1.055 38.0862
1.065 37.8693
1.075 37.6572
1.085 37.4497
1.095 37.2467
1.105 37.0481
1.115 36.8537
1.125 36.6634
1.135 36.4772
1.145 36.2949
1.155 36.1164
1.165 35.9416
1.175 35.7705
1.185 35.6029
1.195 35.4387
1.205 35.278
1.215 35.1204
1.225 34.9661
1.235 34.8149
1.245 34.6668
1.255 34.5216
1.265 34.3793
1.275 34.2399
1.285 34.1032
1.295 33.9692
1.305 33.8379
1.315 33.7091
1.325 33.5829
1.335 33.4591
1.345 33.3377
1.355 33.2187
1.365 33.102
1.375 32.9876
1.385 32.8753
1.395 32.7653
1.405 32.6573
1.415 32.5514
1.425 32.4475
1.435 32.3456
1.445 32.2457
1.455 32.1476
1.465 32.0514
1.475 31.9571
1.485 31.8645
1.495 31.7737
1.505 31.6846
1.515 31.5971
1.525 31.5113
1.535 31.4272
1.545 31.3446
1.555 31.2636
1.565 31.1841
1.575 31.1061
1.585 31.0296
1.595 30.9545
1.605 30.8808
1.615 30.8085
1.625 30.7376
1.635 30.668
1.645 30.5997
1.655 30.5327
1.665 30.467
1.675 30.4025
1.685 30.3392
1.695 30.2771
1.705 30.2162
1.715 30.1565
1.725 30.0979
1.735 30.0404
1.745 29.984
1.755 29.9287
1.765 29.8745
1.775 29.8213
1.785 29.7691
1.795 29.718
1.805 29.6678
1.815 29.6186
1.825 29.5704
1.835 29.5231
1.845 29.4767
1.855 29.4312
1.865 29.3867
1.875 29.343
1.885 29.3002
1.895 29.2583
1.905 29.2172
1.915 29.1769
1.925 29.1374
1.935 29.0988
1.945 29.0609
1.955 29.0238
1.965 28.9875
1.975 28.9519
1.985 28.9171
1.995 28.8831
2.005 28.8497
2.015 28.817
2.025 28.7851
2.035 28.7538
2.045 28.7233
2.055 28.6934
2.065 28.6641
2.075 28.6355
2.085 28.6076
2.095 28.5803
2.105 28.5536
2.115 28.5275
2.125 28.502
2.135 28.4771
2.145 28.4528
2.155 28.4291
2.165 28.406
2.175 28.3834
2.185 28.3614
2.195 28.34
2.205 28.319
2.215 28.2987
2.225 28.2788
2.235 28.2595
2.245 28.2406
2.255 28.2223
2.265 28.2045
2.275 28.1872
2.285 28.1704
2.295 28.154
2.305 28.1381
2.315 28.1227
2.325 28.1078
2.335 28.0933
2.345 28.0792
2.355 28.0656
2.365 28.0525
2.375 28.0397
2.385 28.0274
2.395 28.0156
2.405 28.0041
2.415 27.9931
2.425 27.9824
2.435 27.9722
2.445 27.9624
2.455 27.9529
2.465 27.9439
2.475 27.9352
2.485 27.9269
2.495 27.919
2.505 27.9114
2.515 27.9042
2.525 27.8974
2.535 27.8909
2.545 27.8848
2.555 27.879
2.565 27.8736
2.575 27.8685
2.585 27.8637
2.595 27.8593
2.605 27.8552
2.615 27.8515
2.625 27.848
2.635 27.8449
2.645 27.8421
2.655 27.8396
2.665 27.8374
2.675 27.8355
2.685 27.8339
2.695 27.8326
2.705 27.8315
2.715 27.8308
2.725 27.8304
2.735 27.8302
2.745 27.8304
2.755 27.8308
2.765 27.8315
2.775 27.8324
2.785 27.8336
2.795 27.8351
2.805 27.8369
2.815 27.8389
2.825 27.8411
2.835 27.8437
2.845 27.8464
2.855 27.8495
2.865 27.8527
2.875 27.8562
2.885 27.86
2.895 27.864
